surah_number,ayah_number,tafsir_text
13,1,"قوله تعالى :  {  المر تلك آيات الكتاب والذي أنزل إليك من ربك الحق } إلخ ،  الحروف المصدرة بها السورة هي مجموع الحروف التي صدرت بها سور {  الم } وسور {  الر } كما أن المعارف المبينة في السورة كأنها المجموع من المعارف المعنية في ذينك الصنفين من السور ،  وفي الرجاء أن نشرح القول في ذلك فيما سيأتي إن شاء الله العزيز .

وقوله :  {  تلك آيات الكتاب } ظاهر سياق الآية وما يتلوها من الآيات الثلاث على ما بها من الاتصال وهي تعد الآيات الكونية من رفع السماوات ومد الأرض وتسخير الشمس والقمر وغير ذلك الدالة على توحيد الله سبحانه الذي يفصح عنه القرآن الكريم وتندب إليه الدعوة الحقة ،  وهي تذكر أن التدبر في تفصيلها والتفكر فيها يورث اليقين بالمبدإ والمعاد والعلم ،  بأن الذي أنزل إلى النبي ( صلى الله عليه وآله وسلم ) حق .

فظاهر ذلك كله أن يكون المراد بالآيات المشار إليها بقوله :  {  تلك آيات الكتاب } الموجودات الكونية والأشياء الخارجية المسخرة في النظام العام الإلهي ،  والمراد بالكتاب هو مجموع الكون الذي هو بوجه اللوح المحفوظ أو المراد به القرآن الكريم بما يشتمل على الآيات الكونية بنوع من العناية والمجاز .

و على هذا يكون في الآية إشارة إلى نوعين من الدلالة وهما الدلالة الطبيعية التي تتلبس بها الآيات الكونية من السماء والأرض وما بينهما ،  والدلالة اللفظية التي تتلبس بها الآيات القرآنية المنزلة من عنده تعالى إلى نبيه ( صلى الله عليه وآله وسلم ) ،  ويكون قوله :  {  و لكن أكثر الناس لا يؤمنون } استدراكا متعلق بالجملتين معا أعني بقوله :  {  تلك آيات الكتاب } وقوله :  {  و الذي أنزل إليك من ربك الحق } لا بالجملة الأخيرة فحسب .

و المعنى - والله أعلم - تلك الأمور الكونية - وقد أشير بلفظ البعيد دلالة على ارتفاع مكانتها - آيات الكتاب العام الكوني دالة على أن الله سبحانه واحد لا شريك له في ربوبيته والقرآن الذي أنزل إليك من ربك حق ليس بباطل - واللام في قوله :  {  الحق } للحصر فتفيد المحوضة - فتلك آيات قاطعة في دلالتها وهذا حق في نزوله ولكن أكثر الناس لا يؤمنون ،  لا بتلك الآيات العينية ولا بهذا الحق النازل ،  وفي لحن الكلام شيء من اللوم والعتاب .

و قد بان مما مر أن اللام في قوله :  {  الحق } للحصر ،  ومفاده أن الذي أنزل إليه حق فحسب وليس بباطل ولا مختلطا من حق وباطل .

و للمفسرين في تركيب الآية ومعنى مفرداتها كالمراد باسم الإشارة والمراد بالآيات وبالكتاب ومعنى الحصر في قوله :  {  الحق } والمراد بأكثر الناس أقوال متنوعة مختلفة والأظهر الأنسب لسياق الآيات هو ما قدمناه وعلى من أراد الاطلاع على تفصيل أقوالهم أن يراجع المطولات ."
13,2,"قوله تعالى :  {  الله الذي رفع السماوات بغير عمد ترونها ثم استوى على العرش } إلى آخر الآية ،  قال الراغب في المفردات ،  :  العمود ما تعتمد عليه الخيمة وجمعه عمد - بضمتين - وعمد - بفتحتين - قال :  في عمد ممددة ،  وقرىء في عمد ،  وقال :  بغير عمد ترونها انتهى .  و قيل :  إن العمد بفتحتين اسم جمع للعماد لا جمع .

و المراد بالآية التذكير بدليل ربوبيته تعالى وحده لا شريك له وإن السماوات مرفوعة بغير عمد تعتمد عليها تدركها أبصاركم وهناك نظام جار وهناك شمس وقمر مسخران يجريان إلى أجل مسمى ،  ولا بد ممن يقوم على هذه الأمور فيرفع السماء وينظم النظام ويسخر الشمس والقمر ويدبر الأمر ويفصل هذه الآيات بعضها عن بعض تفصيلا فيه رجاء أن توقنوا بلقاء ربكم فالله سبحانه هو ذاك القائم بما ذكر من أمر رفع السماوات وتنظيم النظام وتسخير الشمس والقمر وتدبير الأمر وتفصيل الآيات فهو تعالى رب الكل لا رب غيره .

فقوله :  {  الذي رفع السماوات بغير عمد ترونها } رفع السماوات هو فصلها من الأرض فصلا يتسلط به على الأرض بإلقاء أشعتها وإنزال أمطارها وصواعقها عليها وغير ذلك فهي مرفوعة على الأرض من غير عمد محسوسة للإنسان تعتمد عليها فعلى الإنسان أن يتفطن أن لها رافعا حافظا لها أن تتحول من مكانها ممسكا لها أن تزول من مستقرها .

و ذلك أن استقرار السماوات في رفيع مستقرها من غير عمد وإن لم يكن بأعجب من استقرار الأرض في مستقرها وهما محتاجتان في ذلك إليه تعالى قائمتان مقامهما بقدرته وإرادته ذلك من طريق أسباب مختصة بهما بإذنه تعالى ،  ولو كانت السماوات مرفوعة معتمدة على عمد منصوبة لم يغنها ذلك عن الحاجة إليه تعالى والافتقار إلى قدرته وإرادته فالأشياء كلها في حالاتها محتاجة إليه تعالى احتياجا مطلقا لا يزول عنها أبدا ولا في حال .

لكن الإنسان - في عين أنه يرى قانون العلية الكلي ويذعن بحاجة الحوادث إلى علل موجدة ،  وفي فطرته البحث عن علل الحوادث والأمور الممكنة - إذا وجد بعض الحوادث مقرونا بعلله وتكرر ذلك على حسه أقنعه ذلك ولم يتعجب من مشاهدته على حاله ولا بحث عنه فإذا رأى الأجرام الثقيلة تسقط على الأرض ثم وجد سقفا مرتفعا عن الأرض لا تسقط عليها تعجب وبحث عن ذلك حتى يحصل على أركان أو أعمدة يقوم عليها السقف وعند ذلك مع ما فيه من التكرر على الحس تقف نفسه عن البحث في كل مورد يشاهد فيه شيئا رفيعا معتمدا على أعمدة أو أركان .

أما إذا وجد أمرا يخرق هذه العادة المألوفة له كالأجرام العلوية القائمة على سمكها من غير عماد تعتمد عليه والطير الصافات ويقبضن فعند ذلك تنتزع نفسه إلى البحث عن السبب الفاعل له كالمتنبه من رقدته .

فقوله تعالى :  {  رفع السماوات بغير عمد ترونها } إنما وصف السماوات فيه بقوله :  {  بغير عمد ترونها } لا للدلالة على نفي مطلق العماد عنها على أن يكون قوله :  {  ترونها } وصفا توضيحيا لا مفهوم له ،  أو الدلالة على نفي العماد المحسوس فيفيد على التقديرين أنها لما لم تكن لها عمد كان الله سبحانه هو الرافع الممسك لها من غير توسيط سبب ،  ولو كانت لها أعمدة كسائر ما يعتمد على عماد لكانت الأعمدة هي الرافعة الممسكة لها من غير حاجة إلى الله سبحانه كما ربما يذهب إليه أوهام العامة أن الذي يستند إلى الله من الأمور هو ما يجهل سببه كالأمور السماوية والحوادث الجوية والروح وأمثال ذلك .

فإن كلامه تعالى ينص أولا على أن كل ما يصدق عليه الشيء ما خلا الله فهو مخلوق لله وكل خلق وأمر لا يخلو عن الاستناد إليه كما قال تعالى :  {  الله خالق كل شيء } :  الرعد :  16 ،  وقال :  {  ألا له الخلق والأمر } :  الأعراف :  54 .

و ثانيا :  على أن سنة الأسباب جارية مطردة وأنه تعالى على صراط مستقيم فلا معنى لكون حكم الأسباب جاريا في بعض الأمور الجسمانية غير جار في بعض .  و استناد بعض الحوادث كالحوادث الأرضية إليه تعالى بواسطة الأسباب ،  واستناد بعضها الآخر كالأمور السماوية مثلا إليه تعالى بلا واسطة ،  فإن قام سقف مثلا على عمود فقد قام بسبب خاص به بإذن الله ،  وإن قام جرم سماوي من غير عمود يقوم عليه فقد قام أيضا بسبب خاص به كطبيعته الخاصة أو التجاذب العام مثلا بإذن الله .

بل إنما قيد رفع السماوات بقوله :  {  بغير عمد ترونها } لتنبيه فطرة الناس وإيقاظها لتنتزع إلى البحث عن السبب وينتهي ذلك لا محالة إلى الله سبحانه ،  وقد سلك نظير هذا المسلك في قوله في الآية التالية :  {  و هو الذي مد الأرض وجعل فيها رواسي وأنهارا } على ما سنوضحه .

و لما كان المطلوب في المقام - على ما يهدي إليه سياق الآيات - هو توحيد الربوبية وبيان أن الله سبحانه رب كل شيء لا رب سواه لا أصل إثبات الصانع عقب قوله :  {  رفع السماوات } إلخ بقوله :  {  ثم استوى على العرش وسخر الشمس والقمر } إلخ ،  الدال على التدبير العام المتحد باتصال بعض أجزائه ببعض ليثبت به أن رب الجميع ومالكها المدبر لأمرها واحد .

و ذلك أن الوثنية الذين يناظرهم القرآن لا ينكرون أن خالق الكل وموجده واحد لا شريك له في إيجاده وإبداعه ،  وهو الله سبحانه ،  وإنما يرون أنه فوض تدبير كل شأن من شئون الكون ونوع من أنواعه كالأرض والسماء والإنسان والحيوان والبر والحرب والسلم والحياة والموت إلى واحد من الموجودات القوية فينبغي أن يعبد ليجلب بها خيره ويتقي بها شره فلا ينفع في ردهم إلا قصر الربوبية في الله سبحانه وإثبات أنه رب لا رب سواه ،  وأما توحيد الألوهية بمعنى إثبات أن الواجب الوجود واحد لا واجب غيره وإليه ينتهي كل وجود فهو أمر لا تنكره الوثنية ولا يضرهم شيئا .

و من هنا يظهر أن قوله :  {  الذي رفع السماوات بغير عمد ترونها } موضوع في صدر الآية توطئة وتمهيدا لقوله :  {  ثم استوى على العرش } إلخ من غير أن يكون مقصودا بالذات فيما سيق من البرهان فوزان هذا الصدر من ذيله وزان الصدر من الذيل في قوله تعالى :  {  إن ربكم الله الذي خلق السماوات والأرض في ستة أيام ثم استوى على العرش } إلخ :  الأعراف :  54 ،  يونس :  3 ،  وما يشابهها من الآيات .

و يظهر أيضا :  أن قوله :  {  بغير عمد } متعلق برفع و{  ترونها } وصف للعمد والمراد رفعها بغير عمد محسوسة مرئية ،  وأما قول من يجعل :  {  ترونها } جملة مستأنفة تفيد دفع الدخل كأن السامع لما سمع قوله :  {  رفع السماوات بغير عمد } قال :  ما الدليل على ذلك ؟  فأجيب وقيل :  {  ترونها } أي الدليل على ذلك أنها مرئية لكم ،  فبعيد .  إلا على تقدير أن يكون المراد بالسماوات مجموع جهة العلو على ما فيها من أجرام النجوم والكواكب والهواء المتراكم فوق الأرض والسحب والغمام فإنها جميعا مرفوعة من غير عمد ومرئية للإنسان .

و قوله :  {  ثم استوى على العرش وسخر الشمس والقمر } تقدم الكلام في معنى العرش والاستواء والتسخير في تفسير سورة الأعراف الآية 54 .

و قوله :  {  كل يجري لأجل مسمى } أي كل منهما يجري إلى أجل معين يقف عنده ولا يتعداه كذا قيل ومن الجائز بل الراجح أن يكون الضمير المحذوف ضمير جمع راجعا إلى الجميع والمعنى كل من السماوات والشمس والقمر يجري إلى أجل مسمى فإن حكم الجري والحركة عام مطرد في جميع هذه الأجسام .

و قد تقدم الكلام في معنى الأجل المسمى في تفسير سورة الأنعام الآية 1 فراجع .

و قوله :  {  يدبر الأمر } التدبير هو الإتيان بالشيء عقيب الشيء ويراد به ترتيب الأشياء المتعددة المختلفة ونظمها بوضع كل شيء في موضعه الخاص به بحيث يلحق بكل منها ما يقصد به من الغرض والفائدة ولا يختل الحال بتلاشي الأصل وتفاسد الأجزاء وتزاحمها يقال :  دبر أمر البيت أي نظم أموره والتصرفات العائدة إليه بحيث أدى إلى صلاح شأنه وتمتع أهله بالمطلوب من فوائده .

فتدبير أمر العالم نظم أجزائه نظما جيدا متقنا بحيث يتوجه به كل شيء إلى غايته المقصودة منه وهي آخر ما يمكنه من الكمال الخاص به ومنتهى ما ينساق إليه من الأجل المسمى ،  وتدبير الكل إجراء النظام العام العالمي بحيث يتوجه إلى غايته الكلية وهي الرجوع إلى الله وظهور الآخرة بعد الدنيا .

و قوله :  {  يفصل الآيات لعلكم بلقاء ربكم توقنون } ظاهر السياق أن المراد بالآيات هي الآيات الكونية فالمراد بتفصيلها هو تمييز بعضها من بعض وفتقها بعد رتقها ،  وهذا من سنته تعالى يفصل الأشياء ويميز كل شيء من كل شيء ويخرج من كل شيء ما هو كامن فيه مستخف في باطنه فينفصل به النور من الظلمة والحق من الباطل والخير من الشر والصالح من الطالح والمثيب من المجرم .

و لذا عقبه بقوله :  {  لعلكم بلقاء ربكم توقنون } فإن يوم اللقاء هو الساعة التي سماها الله بيوم الفصل ووعد فيه تمييز المتقين من المجرمين والفجار قال :  {  إن يوم الفصل ميقاتهم أجمعين } :  الدخان 40 ،  وقال :  {  و امتازوا اليوم أيها المجرمون } :  يس :  59 ،  وقال :  {  ليميز الله الخبيث من الطيب ويجعل الخبيث بعضه على بعض فيركمه جميعا فيجعله في جهنم أولئك هم الخاسرون } :  الأنفال :  37 .

و الأشهر عند المفسرين أن المراد بالآيات آيات الكتب المنزلة من عند الله فالمراد بتفصيلها لغرض كذا شرحها وكشفها بالبيان في الكتب المنزلة على أنبياء الله ليتدبر فيها الناس ويتفكروا ويفقهوا فإن في ذلك رجاء أن يوقنوا بلقاء الله تعالى والرجوع إليه وما قدمناه من المعنى أوضح لزوما وأمس بالسياق .

و في قوله :  {  لعلكم بلقاء ربكم } ولم يقل :  لعلكم بلقائه ،  وضع الظاهر موضع المضمر والوجه فيه الإصرار على تثبيت الربوبية والتأكيد له والإشارة إلى أن الذي خلق العالم ودبر أمره فصار ربا له هو رب لكم أيضا فلا رب إلا رب واحد لا شريك له ."
13,3,"قوله تعالى :  {  و هو الذي مد الأرض وجعل فيها رواسي وأنهارا } إلى آخر الآية الرواسي جمع راسية من رسا إذا ثبت وقر ،  والمراد بها الجبال لثباتها في مقرها ،  والزوج خلاف الفرد ويطلق على مجموع الأمرين وعلى أحدهما فهما زوج وهما زوجان ،  وربما يقيد الزوجان باثنين تأكيدا للدلالة على أن المراد هو اثنان لا أربعة كما في الآية .

و قوله :  {  هو الذي مد الأرض } أي بسطها بسطا صالحا لأن يعيش فيه الحيوان وينبت فيه الزرع والشجر ،  والكلام في نسبة مد الأرض إليه تعالى وكونه كالتوطئة والتمهيد لما يلحق به من قوله :  {  و جعل فيها رواسي وأنهارا } إلخ ،  نظير الكلام في قوله في الآية السابقة :  {  الله الذي رفع السماوات بغير عمد ترونها } .

و قوله :  {  و جعل فيها رواسي وأنهارا } الضمير للأرض والكلام مسوق بحيث يستتبع بعض أجزائه بعضا والغرض - والله أعلم - بيان تدبيره تعالى أمر سكنة الأرض من إنسان وحيوان في حركته لطلب الرزق وسكونه للارتياح فقد مد الله سبحانه الأرض ولو لا ذلك لم يصلح لبقاء نوع الإنسان والحيوان ولو كانت ممدودة فحسب من غير ارتفاع وانخفاض في سطحها لم تصلح لظهور ما ادخر فيها من خزائن الماء على سطحها لشرب الزروع والبساتين فجعل سبحانه فيها الجبال الرواسي وادخر فيها ما ينزل على الأرض من ماء السماء وشق من أطرافها أنهارا وفجر منها عيونا مطلة على السهل تسقي الزروع والجنان فيخرج به ثمرات مختلفة حلوة ومرة صيفية وشتوية برية وأهلية ،  وسلط على وجه الأرض الليل والنهار وهما عاملان قويان في رشد الأثمار والفواكه بتسليط الحرارة والبرودة المؤثرتين في النضج والنمو والانبساط والانقباض ،  وتسليط الضوء والظلمة النظامين لحركة الدواب والإنسان وسعيهما في طلب الرزق وسكونهما للنوم والرقدة .

فمد الأرض يسهل الطريق لجعل الجبال الرواسي وذلك لشق الأنهار وذلك لجعل الثمرات المزدوجة المختلفة وبالليل والنهار يتم المطلوب وفي ذلك كله تدبير متصل متحد يكشف عن مدبر حكيم واحد لا شريك له في ربوبيته ،  وإن في ذلك لآيات لقوم يتفكرون .

و قوله :  {  و من كل الثمرات جعل فيها زوجين اثنين } أي ومن جميع الثمرات الممكنة الكينونة جعل في الأرض أنواعا متخالفة نوعا يخالف آخر كالصيفي والشتوي والحلو وغيره والرطب واليابس .

هذا هو المعروف في تفسير زوجين اثنين فالمراد بالزوجين الصنف يخالفه صنف آخر سواء كانا صنفين لا ثالث لهما أم لا ،  نظير ما تأتي فيه التثنية للتكرير كقوله تعالى :  {  ثم ارجع البصر كرتين } :  الملك :  4 أريد به الرجوع كرة بعد كرة وإن بلغ من الكثرة ما بلغ .

و قال في تفسير الجواهر في قوله تعالى :  {  زوجين اثنين } :  جعل فيها من كل أصناف الثمرات الزوجين اثنين ذكر وأنثى في أزهارها عند تكونها فقد أظهر الكشف الحديث أن كل شجر وزرع لا يتولد ثمره وحبه إلا من بين اثنين ذكر وأنثى .

فعضو الذكر قد يكون مع عضو الأنثى في شجرة واحدة كأغلب الأشجار وقد يكون عضو الذكر في شجرة والآخر في شجرة أخرى كالنخل ،  وما كان العضوان فيه في شجرة واحدة إما أن يكونا معا في زهرة واحدة ،  وإما أن يكون كل منهما في زهرة وحده والثاني كالقرع والأول كشجرة القطن فإن عضو التذكير مع عضو التأنيث في زهرة واحدة .  انتهى .

و ما ذكره وإن كان من الحقائق العلمية التي لا غبار عليها إلا أن ظاهر الآية الكريمة لا يساعد عليه فإن ظاهرها أن نفس الثمرات زوجان اثنان لا أنها مخلوقة من زوجين اثنين ولو كان المراد ذلك لكان الأنسب به أن يقال :  وكل الثمرات جعل فيها من زوجين اثنين .

نعم لا بأس أن يستفاد ذلك من مثل قوله تعالى :  {  سبحان الذي خلق الأزواج كلها مما تنبت الأرض } :  يس :  36 وقوله :  {  و أنزلنا من السماء ماء فأنبتنا فيها من كل زوج كريم } :  لقمان :  10 وقوله :  {  و من كل شيء خلقنا زوجين لعلكم تذكرون } :  الذاريات :  49 .

و ذكر بعضهم أن زوجين اثنين الذكر والأنثى والحلو والحامض وسائر الأصناف فيكون الزوجان أربعة أفراد الذكر والأنثى وكل منهما مختلف بصفات هي أكثر من واحد كالحلو وغيره والصيفي وخلافه .  و هو كما ترى .

و قوله :  {  يغشي الليل النهار } أي يلبس ظلمة الليل ضوء النهار فيظلم الهواء بعد ما كان مضيئا ،  وذكر بعضهم أن المراد به إغشاء كل من الليل والنهار غيره وتعقيب الليل النهار والنهار الليل ،  ولا قرينة تدل على ذلك .

ثم ختم الآية بقوله :  {  إن في ذلك لآيات لقوم يتفكرون } فإن التفكر في النظام الجاري عليها الحاكم فيها القاضي باتصال بعضها ببعض وتلاؤم بعضها مع بعض المؤدي إلى توجه المجموع وكل جزء من أجزائها إلى غايات تخصها يكشف عن ارتباطها بتدبير واحد عقلي في غاية الإتقان والإحكام فيدل على أن لها ربا واحدا لا شريك له في ربوبيته عليما لا يعتريه جهل قديرا لا يغلب في قدرته ذا عناية بكل شيء وخاصة بالإنسان يسوقه إلى ما فيه سعادته الخالدة ."
13,4,"قوله تعالى :  {  و في الأرض قطع متجاورات وجنات من أعناب وزرع ونخيل صنوان وغير صنوان } إلى آخر الآية ،  قال الراغب :  الصنو الغصن الخارج عن أصل الشجرة يقال :  هما صنوا نخلة وفلان صنو أبيه والتثنية صنوان وجمعه صنوان قال تعالى :  صنوان وغير صنوان .

انتهى ،  وقال :  والأكل لما يؤكل بضم الكاف وسكونه قال تعالى :  {  أكلها دائم } والأكلة للمرة والأكلة كاللقمة .  انتهى .

و المعنى أن من الدليل على أن هذا النظام الجاري قائم بتدبير مدبر وراءه يخضع له الأشياء بطبائعها ويجريها على ما يشاء وكيف يشاء أن في الأرض قطعا متجاورات متقاربة بعضها من بعض متشابهة في طبع ترابها وفيها جنات من أعناب والعنب من الثمرات التي تختلف اختلافا عظيما في الشكل واللون والطعم والمقدار واللطافة والجودة وغير ذلك ،  وفيها زرع مختلف في جنسه وصنفه من القمح والشعير وغير ذلك ،  وفيها نخيل صنوان أي أمثال نابتة على أصل مشترك فيه وغير صنوان أي متفرقة تسقي الجميع من ماء واحد ونفضل بعضها على بعض بما فيه من المزية المطلوبة في شيء من صفاته .

فإن قيل :  هذه الاختلافات راجعة إلى طبائعها الخاصة بكل منها أو العوامل الخارجية التي تعمل فيها فتتصرف في إشكالها وألوانها وسائر صفاتها على ما تفصل الأبحاث العلمية المتعرضة لشئونها الشارحة لتفاصيل طبائعها وخواصها ،  والعوامل التي تؤثر في كيفية تكونها وتتصرف في صفاتها .

قيل :  نعم لكن ينتقل السؤال حينئذ إلى سبب اختلاف هذه الطبائع الداخلية والعوامل فما هي العلة في اختلافها المؤدية إلى اختلاف الآثار ؟  وتنتهي بالأخرة إلى المادة المشتركة بين الكل المتشابهة الأجزاء ،  ومثلها لا يصلح لتعليل هذا الاختلاف المشهود فليس إلا أن هناك سببا فوق هذه الأسباب أوجد هو المادة المشتركة ،  ثم أوجد فيها من الصور والآثار ما شاء ،  وبعبارة أخرى هناك سبب واحد ذي شعور وإرادة تستند هذه الاختلافات إلى إراداته المختلفة ولولاه لم يتميز شيء من شيء ولا اختلف في شيء هذا .

و من الواجب على الباحث المتدبر في هذه الآيات أن يتنبه أن استناد اختلاف الخلقة إلى اختلاف إرادة الله سبحانه ليس إبطالا لقانون العلة والمعلول كما ربما يتوهم فإن إرادة الله سبحانه ليست صفة طارئة لذاته كإرادتنا حتى تتغير ذاته بتغير الإرادات بل هذه الإرادات المختلفة صفة فعله ومنتزعة من العلل التامة للأشياء فليكن عندك إجمال هذا المطلب حتى يوافيك توضيحه في محل يناسبه إن شاء الله .

و لما كانت الحجة مبنية على مقدمات عقلية لا تتم بدونها عقبها بقوله :  {  إن في ذلك لآيات لقوم يعقلون } .

و قد ظهر من البيان المتقدم أن نسبة اختلاف الأكل إليه تعالى من غير ذكر الواسطة أو الوسائط مثل نسبة رفع السماء بغير عمد مرئية ومد الأرض وجعل الجبال والأنهار إليه تعالى بإسقاط الوسائط ،  والمراد بذلك تنبيه فطرة السامعين لتنتزع إلى البحث عن سبب الاختلافات وتنتهي بالآخرة إلى الله عز من سبب .

و في الآية التفات لطيف من الغيبة إلى التكلم بالغير وهو ما في قوله تعالى :  {  و نفضل بعضها على بعض في الأكل } ولعل النكتة فيه تعريف السبب الحقيقي بأوجز بيان كأنه قيل :  ويفضل بعضها على بعض في الأكل وليس المفضل إلا الله سبحانه ثم عرف المتكلم نفسه وأظهر بلفظ التعظيم أنه هو السبب الذي يبحث عنه الباحثون وإلى حضرته ينتهي هذا التفضيل ثم أوجز هذا التفضيل فقيل :  {  و نفضل بعضها على بعض في الأكل } ولا يخلو التعبير بلفظ المتكلم مع الغير عن إشعار بأن هناك أسبابا إلهية دون الله سبحانه عاملة بأمره ومنتهية إليه سبحانه .

و قد ظهر مما تقدم أن الآية إنما سيقت حجة لتوحيد الربوبية لا لإثبات الصانع أو توحيد الذات ،  وملخصها أن اختلاف الآثار في الأشياء مع وحدة الأصل يكشف عن استنادها إلى سبب وراء الطبيعة المشتركة المتحدة وانتظامها عن مشيته وتدبيره فالمدبر لها هو الله سبحانه وهو ربها لا رب غيره ،  فما يتراءى من المفسرين أن الآية مسوقة لإثبات الصانع في غير محله .

على أن الآيات على ما يظهر من سياقها مسوقة للاحتجاج على الوثنيين وهم إنما ينكرون وحدة الربوبية ويثبتون أربابا شتى ويعترفون بوحدة ذات الواجب الحق عز اسمه فلا معنى للاحتجاج عليهم بما ينتج أن للعالم صانعا ،  وقد تنبه به بعضهم فذكر أن الآية احتجاج على دهرية العرب المنكرين لوجود الصانع وهو مردود بأنه لا دليل من ناحية سياق الآيات يدل على ما ادعاه .

و ظهر أيضا أن الفرق بين الحجتين أعني ما في قوله :  {  و هو الذي مد الأرض } إلخ وما في قوله :  {  و في الأرض قطع متجاورات } إلخ أن الأولى تسلك من طريق الوحدة في الكثرة والارتباط والاتصال في التدبير المتعلق بهذه الأشياء المختلفة وذلك يؤدي إلى وحدة مدبرها ،  والثانية تسلك من طريق الكثرة في الوحدة واختلاف الآثار والخواص في الأشياء التي لها أصل واحد وذلك يكشف عن أن المبدىء المفيض لهذه الآثار والخواص المختلفة المتفرقة أمر وراء طبائعها وسبب فوق هذه الأسباب الراجعة إلى أصل واحد وهو رب الجميع لا رب غيره .

و أما الحجة الأولى المذكورة قبل الحجتين أعني ما في قوله تعالى :  {  الله الذي رفع السماوات } إلخ فهي كالسالكة من المسلكين معا فإنها تذكر التدبير وفيه توحيد الكثير وجمع متفرقات الأمور ،  والتفصيل وفيه تكثير الواحد وتفريق المجتمعات .  و محصلها أن أمر العالم على تشتته وتفرقه تحت تدبير واحد فله رب واحد هو الله سبحانه ،  وأنه تعالى يفصل الآيات فيميز كل شيء من كل شيء فيفصل السعيد من الشقي والحق من الباطل وهو المعاد ،  ولذلك استنتج منها الربوبية والمعاد معا إذ قال :  {  لعلكم بلقاء ربكم توقنون } .

بحث روائي

في تفسير العياشي ،  عن الخطاب الأعور رفعه إلى أهل العلم والفقه من آل محمد ( صلى الله عليه وآله وسلم ) قال :  {  و في الأرض قطع متجاورات } يعني هذه الأرض الطيبة تجاور مجاورة هذه الأرض المالحة وليست منها كما يجاور القوم القوم وليسوا منهم .

و في تفسير البرهان ،  عن ابن شهر آشوب عن الخركوشي في شرف المصطفى والثعلبي في الكشف والبيان والفضل بن شاذان في الأمالي واللفظ له بإسناده عن جابر بن عبد الله قال :  سمعت رسول الله ( صلى الله عليه وآله وسلم ) يقول لعلي ( عليه السلام ) :  الناس من شجرة شتى وأنا وأنت من شجرة واحدة ثم قرأ :  {  جنات من أعناب وزرع ونخيل صنوان وغير صنوان - يسقى بماء واحد } بالنبي وبك :  قال :  ورواه النطنزي في الخصائص عن سلمان ،  وفي رواية :  أنا وعلي من شجرة والناس من أشجار شتى :  .

قال صاحب البرهان ،  :  وروي حديث جابر بن عبد الله الطبرسي ،  وعلي بن عيسى في كشف الغمة ،  .

أقول :  ورواه في الدر المنثور ،  عن الحاكم وابن مردويه عن جابر قال :  سمعت رسول الله ( صلى الله عليه وآله وسلم ) يقول :  يا علي الناس من شجر شتى وأنا وأنت يا علي من شجرة واحدة ثم قرأ النبي ( صلى الله عليه وآله وسلم ) :  {  و جنات من أعناب وزرع ونخيل - صنوان وغير صنوان } .

و في الدر المنثور ،  أخرج الترمذي وحسنه والبزاز وابن جرير وابن المنذر وأبو الشيخ وابن مردويه عن أبي هريرة عن النبي ( صلى الله عليه وآله وسلم ) :  في قوله تعالى :  {  و نفضل بعضها على بعض في الأكل } قال :  الدقل والفارسي والحلو والحامض ."
13,5,"بيان

عطف على بعض ما كان يتفوه به المشركون في الرد على الدعوة والرسالة كقولهم :  أنى يمكن بعث الإنسان بعد موته وصيرورته ترابا ؟  وقولهم :  لو لا أنزل علينا العذاب الذي ينذرنا به ومتى هذا الوعد إن كنت من الصادقين ؟  والجواب عن ذلك بما يناسب المقام .

قوله تعالى :  {  و إن تعجب فعجب قولهم ء إذا كنا ترابا ء إنا لفي خلق جديد } إلى آخر الآية قال في المجمع ،  :  العجب والتعجب هجوم ما لا يعرف سببه على النفس والغل طوق تشد به اليد إلى العنق انتهى .

أشار تعالى في مفتتح كلامه إلى حقية ما أنزله إلى نبيه من معارف الدين في كتابه ملوحا إلى أن آيات التكوين تهدي إليه وتدل عليه وأصولها التوحيد والرسالة والبعث ثم فصل القول في دلالة الآيات التكوينية على ذلك واستنتج من حجج ثلاث ذكرها توحيد الربوبية والبعث بالتصريح ،  ويستلزم ذلك حقية الرسالة والكتاب المنزل الذي هو آيتها ،  فلما اتضح ذلك واستنار تمهدت الطريق لذكر شبه الكفار فيما يرجع إلى الأصول الثلاثة فأشار في هذه الآية إلى شبهتهم في البعث وسيتعرض لشبههم وأقاويلهم في الرسالة والتوحيد في الآيات التالية .

و شبهتهم في ذلك قولهم :  {  ء إذا كنا ترابا ء إنا لفي خلق جديد } أورده بعنوان أنه عجب أحرى به أن يتعجب منه لظهور بطلانه وفساده ظهورا لا مسوغ لإنسان سليم العقل أن يرتاب فيه فلو تفوه به إنسان لكان من موارد العجب فقال :  {  و إن تعجب فعجب قولهم } إلخ .

و معنى الجملة على ما يرشد إليه حذف متعلق {  تعجب } إن تحقق منك تعجب ولا محالة يتحقق لأن الإنسان لا يخلو منه - فقولهم هذا عجيب يجب أن يتعلق به تعجبك ،  فالتركيب كناية عن وجوب التعجب من قولهم هذا لكونه قولا ظاهر البطلان لا يميل إليه ذو لب وحجى .

و قولهم :  {  ء إذا كنا ترابا ء إنا لفي خلق جديد } مرادهم من التراب بقرينة السياق ما يصير إليه بدن الإنسان بعد الموت من صورة التراب وينعدم عند ذلك الإنسان الذي هو الهيكل اللحمي الخاص المركب من أعضاء خاصة المجهز بقوى مادية على زعمهم وكيف يشمل الخلقة أمرا منعدما من أصله فيعود مخلوقا جديدا ؟  .

و لشبهتهم هذه جهات مختلفة أجاب الله سبحانه في كلامه عن كل واحدة منها بما يناسبها ويحسم مادتها :

فمنها :  استبعاد أن يستحيل التراب إنسانا سويا ،  وقد أجيب عنه بأن إمكان استحالة المواد الأرضية منيا ثم المني علقة ثم العلقة مضغة ثم المضغة بدن إنسان سوي ووقوع ذلك بعد إمكانه لا يدع ريبا في جواز صيرورة التراب ثانيا إنسانا سويا قال تعالى :  {  يا أيها الناس إن كنتم في ريب من البعث فإنا خلقناكم من تراب ثم من نطفة ثم من علقة ثم من مضغة مخلقة وغير مخلقة } الآية :  .  الحج :  5 .

و منها :  استبعاد إيجاد الشيء بعد عدمه .  و أجيب بأنه مثل الخلق الأول فليجز كما جاز قال تعالى :  {  و ضرب لنا مثلا ونسي خلقه قال من يحيي العظام وهي رميم قل يحييها الذي أنشأها أول مرة } :  يس :  79 .

و منها :  أن الإنسان تنتفي ذاته بالموت فلا ذات حتى تتلبس بالخلق الجديد ولا إنسان بعد الموت والفوت إلا في تصور المتصور دون الخارج بنحو .

و قد أجيب في كلامه تعالى عنه ببيان أن الإنسان ليس هو البدن المركب من عدة أعضاء مادية حتى ينعدم من أصله ببطلان التركيب وانحلاله بل حقيقته روح علوية - وإن شئت قلت :  نفس - متعلق بهذا المركب المادي تستعمله في أغراضه ومقاصده وبها حياة البدن يبقى بها الإنسان محفوظ الشخصية وإن تغير بدنه وتبدل بمرور السنين ومضي العمر ثم الموت هو أن يأخذها الله من البدن وتقطع علقتها به ثم البعث هو أن يجدد الله خلق البدن وتعليقها به وهو القيام لله لفصل القضاء .

قال تعالى :  {  و قالوا ء إذا ضللنا في الأرض ء إنا لفي خلق جديد بل هم بلقاء ربهم كافرون قل يتوفاكم ملك الموت الذي وكل بكم ثم إلى ربكم ترجعون } :  الم السجدة :  11 يقول إنكم بالموت لا تضلون في الأرض ولا تنعدمون بل الملك الموكل بالموت يأخذ الأمر الذي تدل عليه لفظة {  كم } و{  نا } وهي النفوس فتبقى في قبضته ولا تضل ثم إذا بعثتم ترجعون إلى الله بلحوق أبدانكم إلى نفوسكم وأنتم أنتم .

فللإنسان حياة باقية غير محدودة بما في هذه الدنيا الفانية وله عيشة في دار أخرى باقية ببقاء الله ولا يتمتع في حياته الثانية إلا بما يكتسبه في حياته الأولى من الإيمان بالله والأعمال الصالحة ويعده في يومه لغده من مواد السعادة فإن اتبع الحق وآمن بآيات الله سعد في أخراه بكرامة القرب والزلفى وملك لا يبلى ،  وإن أخلد إلى الأرض وانكب على الدنيا وأعرض عن الذكرى بقي في دار الشقاء والبوار وغل بأغلال الخيبة والخسران في مهبط اللعن وحضيض البعد وكان من أصحاب النار .

و إذا عرفت هذا الذي قدمناه وتأملته تأملا كافيا بان لك أن قوله تعالى :  {  أولئك الذين كفروا بربهم } إلى آخر الآية ليس بمجرد تهديد بالعذاب لهؤلاء القائلين :  {  ء إذا كنا ترابا ء إنا لفي خلق جديد } على ما يتخيل في بادىء النظر بل جواب بلازم القول .

و توضيح ذلك أن لازم قولهم :  إن الإنسان إذا مات وصار ترابا بطلت الإنسانية وانعدمت الشخصية أن يكون الإنسان صورة مادية قائمة بهذا الهيكل البدني المادي العائش بحياة مادية من غير أن تكون له حياة أخرى خالدة بعد الموت يبقى فيها ببقاء الرب تعالى ويسعد بقربه ويفوز عنده وبعبارة أخرى تكون حياته محدود بهذه الحياة المادية غير أن تنبسط على ما بعد الموت وتدوم أبدا ،  وهذا في الحقيقة إنكار للعالم الربوبي إذ لا معنى لرب لا معاد إليه .

و لازم ذلك أن يقصر الإنسان همه في المقاصد الدنيوية والغايات المادية من غير أن يرتقي فهمه إلى ما عند الله من النعيم المقيم والملك العظيم فيسعى لقربه تعالى ويعمل في يومه لغده كالمغلول الذي لا يستطيع حراكا ولا يقدر على السعي لواجب أمره .

و لازم ذلك أن يثبت الإنسان في شقاء لازم وعذاب دائم فإنه أفسد استعداد السعادة وقطع الطريق وهذه اللوازم الثلاث هي التي أشار تعالى إليه بقوله :  {  أولئك الذين كفروا } إلخ .

فقوله :  {  أولئك الذين كفروا بربهم } إشارة إلى اللازم الأول وهو إعراض منكري المعاد عن العالم الربوبي والحياة الباقية والستر على ما عند الله من النعيم المقيم والكفر به .

و قوله :  {  و أولئك الأغلال في أعناقهم } إشارة إلى اللازم الثاني وهو الإخلاد إلى الأرض والركون إلى الهوى والتقيد بقيود الجهل وأغلال الجحد والإنكار ،  وقد مر في تفسير قوله تعالى :  {  إن الله لا يستحيي أن يضرب مثلا } الآية :  البقرة :  26 في الجزء الأول من الكتاب كلام في كون هذه التعبيرات القرآنية حقائق أو مجازات فراجع إليه .

و قوله :  {  أولئك أصحاب النار هم فيها خالدون } إشارة إلى اللازم الثالث وهو مكثهم في العذاب والشقاء ."
13,6,"قوله تعالى :  {  و يستعجلونك بالسيئة قبل الحسنة وقد خلت من قبلهم المثلات } إلى آخر الآية .  قال في المجمع ،  :  الاستعجال طلب التعجيل بالأمر والتعجيل تقديم الأمر قبل وقته ،  والسيئة خصلة تسوء النفس ونقيضها الحسنة وهي خصلة تسر النفس ،  والمثلات العقوبات واحدها مثلة بفتح الميم وضم الثاء ،  ومن قال في الواحد :  مثلة بضم الميم وسكون الثاء قال في الجمع :  مثلات بضمتين نحو غرفة وغرفات ،  وقيل في الجمع :  مثلات ومثلات - أي بسكون الثاء وفتحها - انتهى .

و قال الراغب في المفردات ،  :  المثلة نقمة تنزل بالإنسان فيجعل مثالا يرتدع به غيره وذلك كالنكال وجمعه مثلات ومثلات - أي بضم الميم أو فتحها وضم الثاء - وقد قرىء :  من قبلهم المثلات ،  والمثلات بإسكان الثاء على التخفيف نحو عضد وعضد .  انتهى .

و قوله :  {  يستعجلونك بالسيئة قبل الحسنة } ضمير الجمع للذين كفروا المذكورين في الآية السابقة ،  والمراد باستعجالهم بالسيئة قبل الحسنة سؤالهم نزول العذاب إليهم استهزاء بالنبي ( صلى الله عليه وآله وسلم ) قبل سؤال الرحمة والعافية ،  والدليل عليه قوله :  {  و قد خلت من قبلهم المثلات } - والجملة في موضع الحال - فإن المراد به العقوبات النازلة على الأمم الماضين القاطعة لدابرهم .

و المعنى :  يسألك الذين كفروا أن تنزل عليهم العقوبة الإلهية قبل الرحمة والعافية بعد ما سمعوك تنذرهم بعذاب الله استهزاء وهم على علم بالعقوبات النازلة قبلهم على الأمم الماضين الذين كفروا برسلهم والآية في مقام التعجيب .

و قوله :  {  و إن ربك لذو مغفرة للناس على ظلمهم وإن ربك لشديد العقاب } استئناف أو في موضع الحال ،  ويفيد بيان السبب في كون استعجالهم أمرا عجيبا أي إن ربك ذو رحمة واسعة تسع الناس في جميع أحوالهم حتى حال ظلمهم وذو غضب شديد وقد سبقت رحمته غضبه فما بالهم يعرضون عن وسيع رحمته ومغفرته ويسألون شديد عقابه وهم مستعجلون ؟  إن ذلك لعجيب .

و يظهر من هذا المعنى الذي يعطيه السياق :

أولا :  أن التعبير عنه تعالى بقوله :  {  ربك } إنما هو للدلالة على كونهم مشركين وثنيين لا يأخذونه تعالى ربا بل النبي ( صلى الله عليه وآله وسلم ) هو الذي يأخذه ربا من بين قومه .

و ثانيا :  أن المراد بالمغفرة والعقاب هو الأعم من المغفرة والعقوبة الدنيويتين فإن المشركين إنما كانوا يستعجلون بالسيئة والعقوبة الدنيويتين ،  والمثلات التي يذكر الله تعالى أنها خلت من قبلهم إنما هي العقوبات الدنيوية النازلة عليهم .

على أن العفو والمغفرة لا يختصان بما بعد الموت أو بيوم القيامة ولا أن آثارهما تختص بذلك ،  وقد تقدم ذلك مرارا فله تعالى أن يبسط مغفرته على كل من شاء حتى على الظالم حين هو ظالم فيغفر له مظلمته إن اقتضته الحكمة ،  وله أن يعاقب قال تعالى :  {  إن تعذبهم فإنهم عبادك وإن تغفر لهم فإنك أنت العزيز الحكيم } :  المائدة :  118 .

و لهذه النكتة عبر تعالى عن مورد المغفرة بقوله :  {  للناس } ولم يقل للمؤمنين أو للتائبين ونحو ذلك فلو التجأ أي واحد من الناس إلى رحمته وسأله المغفرة كان له أن يغفر له سواء في ذلك الكافر والمؤمن والمعاصي الكبيرة والصغيرة غير أن المشرك لو سأله أن يغفر له شركه انقلب بذلك مؤمنا غير مشرك ،  والله سبحانه لا يغفر المشرك ما لم يعد إلى التوحيد قال تعالى :  {  إن الله لا يغفر أن يشرك به ويغفر ما دون ذلك لمن يشاء } :  النساء :  48 .

فكان على هؤلاء الذين كفروا أن يسألوه تعالى - ويستعجلوا به - أن يغفر لهم شركهم أو ما يتفرع على شركهم من المعاصي بتقديم الإيمان به وبرسوله أو أن يسألوه العافية والبركة وخير المال والولد على كونهم ظالمين فإنه برحمته الواسعة يفعل ذلك حتى بمن لا يؤمن به ولا ينقاد له ،  وأما الظلم حال ما يتلبس به الظالم فإن المغفرة لا تجامعه وقد قال تعالى :  {  و الله لا يهدي القوم الظالمين } :  الجمعة :  5 .

و ثالثا :  أن قوله :  {  لذو مغفرة } ولم يقل :  لغفور أو غافرة كأنه للتحرز من أن يدل على فعلية المغفرة لجميع الظالمين على ظلمهم كأنه قيل :  عنده مغفرة للناس على ظلمهم لا يمنعه من إعمال هذه المغفرة عند المصلحة شيء .

و يمكن أن يستفاد من الجملة معنى آخر وهو أنه تعالى عنده مغفرة الناس له أن يغفر بها لمن شاء منهم ،  ولا يستوجب ظلم الناس أن يغضب تعالى فيترك الاتصاف بالمغفرة من أصلها فلا يغفر لأحد ،  وهذا يوجب تغيرا في بعض ما تقدم من نكت الآية غير أنه غير ظاهر من السياق .

و في الآية مشاجرات بين المعتزلة وغيرهم من أهل السنة وهي مطلقة لا دليل على تقييدها بشيء إلا بما في قوله تعالى :  {  إن الله لا يغفر أن يشرك به } الآية :  النساء :  48 .

بحث روائي

في الدر المنثور ،  أخرج ابن جرير عن ابن عباس :  {  و إن ربك لذو مغفرة للناس على ظلمهم - وإن ربك لشديد العقاب } قال رسول الله ( صلى الله عليه وآله وسلم ) لو لا عفو الله وتجاوزه ما هنأ لأحد العيش ،  ولو لا وعيده وعقابه لاتّكل كل أحد ."
13,7,"بيان

تتعرض الآيات لقولهم :  {  لو لا أنزل عليه آية من ربه } وترده عليهم أن الرسول ليس له إلا أنه منذر أرسله الله على سنة الهداية إلى الحق ثم تسوق الكلام فيما يعقبه .

قوله تعالى :  {  و يقول الذين كفروا لو لا أنزل عليه آية من ربه } إلى آخر الآية ليس المراد بهذه الآية الآية القاضية بين الحق والباطل المهلكة للأمة وهي المذكورة في الآية السابقة بقوله :  {  و يستعجلونك بالسيئة قبل الحسنة } بأن يكون تكرارا لها وذلك لعدم إعانة السياق على ذلك ،  ولو أريد ذلك لكان من حق الكلام أن يقال :  ويقولون لو لا  "" إلخ ""  .

بل المراد أنهم يقترحون على النبي ( صلى الله عليه وآله وسلم ) آية أخرى غير القرآن تدل على صدقه في دعوى الرسالة وكانوا يحقرون أمر القرآن الكريم ولا يعبئون به ويسألون آية أخرى معجزة كما أوتي موسى وعيسى وغيرهما ( عليهم السلام ) فكان في قولهم :  {  لو لا أنزل عليه آية } تعريض منهم للقرآن .

و أما قوله :  {  إنما أنت منذر ولكل قوم هاد } فإعطاء جواب للنبي ( صلى الله عليه وآله وسلم ) وفي توجيه الخطاب إليه دونهم وعدم أمره أن يبلغ الجواب إياهم تعريض لهم أنهم لا يستحقون جوابا لعدم فقههم به وفقدهم القدر اللازم من العقل والفهم وذلك أن اقتراحهم الآية مبني على زعمهم - كما يدل عليه كثير مما حكى عنهم القرآن في هذا الباب على أن من الواجب أن يكون للرسول قدرة غيبية مطلقة على كل ما يريد فله أن يوجد ما أراد وعليه أن يوجد ما أريد منه .

و الحال أن الرسول ليس إلا بشرا مثلهم أرسله الله إليهم لينذرهم عذاب الله ويحذرهم أن يستكبروا عن عبادته ويفسدوا في الأرض بناء على السنة الإلهية الجارية في خلقه أنه يهدي كل شيء إلى كماله المطلوب ويدل عباده على ما فيه صلاح معاشهم ومعادهم .

فالرسول بما هو رسول بشر مثلهم لا يملك لنفسه ضرا ولا نفعا ولا موتا ولا حياة ولا نشورا وليس عليه إلا تبليغ رسالة ربه وأما الآيات فأمرها إلى الله ينزلها إن شاء وكيف شاء فاقتراحها على الرسول جهل محض .

فالمعنى :  أنهم يقترحون عليك آية - وعندهم القرآن أفضل آية - وليس إليك شيء من ذلك وإنما أنت هاد تهديهم من طريق الإنذار وقد جرت سنة الله في عباده أن يبعث في كل قوم هاديا يهديهم .

و الآية تدل على أن الأرض لا تخلو من هاد يهدي الناس إلى الحق إما نبي منذر وإما هاد غيره يهدي بأمر الله وقد مر بعض ما يتعلق بالمقام في أبحاث النبوة في الجزء الثاني وفي أبحاث الإمامة في الجزء الأول من الكتاب .

بحث روائي

في الكافي ،  بإسناده عن عبد الرحيم القصير عن أبي جعفر ( عليه السلام ) :  في قول الله تبارك وتعالى {  إنما أنت منذر ولكل قوم هاد } فقال :  قال رسول الله ( صلى الله عليه وآله وسلم ) :  أنا المنذر وعلي الهادي الحديث .

أقول :  وروى هذا المعنى الكليني في الكافي ،  والصدوق في المعاني ،  والصفار في البصائر ،  والعياشي والقمي في تفسيريهما وغيرهم بأسانيد كثيرة مختلفة .

و معنى قوله ( صلى الله عليه وآله وسلم ) :  {  أنا المنذر وعلي الهادي } أني مصداق المنذر والإنذار هداية مع دعوة وعلى مصداق للهادي من غير دعوة وهو الإمام لا أن المراد بالمنذر هو رسول الله ( صلى الله عليه وآله وسلم ) والمراد بالهادي هو علي ( عليه السلام ) فإن ذلك مناف لظاهر الآية البتة .

و في الدر المنثور ،  أخرج ابن جرير وابن مردويه وأبو نعيم في المعرفة والديلمي وابن عساكر وابن النجار قال :  لما نزلت :  {  إنما أنت منذر ولكل قوم هاد } وضع رسول الله ( صلى الله عليه وآله وسلم ) يده على صدره فقال :  أنا المنذر وأومأ بيده إلى منكب علي فقال :  أنت الهادي يا علي بك يهتدي المهتدون من بعدي :  .  أقول :  ورواه الثعلبي في الكشف ،  عن عطاء بن السائب عن سعيد بن جبير عن ابن عباس عن النبي ( صلى الله عليه وآله وسلم ) .

و في مستدرك الحاكم ،  بإسناده عن إبراهيم بن الحكم بن ظهير عن أبيه عن الحكم بن جرير عن أبي بريدة الأسلمي قال :  دعا رسول الله ( صلى الله عليه وآله وسلم ) بالطهور وعنده علي بن أبي طالب فأخذ رسول الله ( صلى الله عليه وآله وسلم ) بيد علي بعد ما تطهر فألصقها بصدره ثم قال :  {  إنما أنت منذر } ويعني نفسه ثم ردها إلى صدر علي ثم قال :  {  و لكل قوم هاد } ثم قال له :  أنت منار الأنام وغاية الهدى وأمير القراء أشهد على ذلك أنك كذلك :  .

أقول :  ورواه ابن شهرآشوب عن الحاكم في شواهد التنزيل ،  والمرزباني في ما نزل من القرآن في أمير المؤمنين .

و في الدر المنثور ،  أخرج عبد الله بن أحمد في زوائد المسند وابن أبي حاتم والطبراني في الأوسط والحاكم وصححه وابن مردويه وابن عساكر عن علي بن أبي طالب :  في قوله تعالى :  {  إنما أنت منذر ولكل قوم هاد } قال :  رسول الله المنذر وأنا الهادي .  وفي لفظ :  والهادي رجل من بني هاشم يعني نفسه .

أقول :  ومن طرق أهل السنة في هذا المعنى روايات أخرى كثيرة .

و في المعاني ،  بإسناده عن محمد بن مسلم قال :  قلت لأبي عبد الله ( عليه السلام ) في قوله تعالى :  {  إنما أنت منذر ولكل قوم هاد } قال :  كل إمام هاد لكل قوم في زمانهم .

و في الكافي ،  بإسناده عن فضيل قال :  سألت أبا عبد الله ( عليه السلام ) عن قول الله عز وجل :  {  و لكل قوم هاد } فقال :  كل إمام هاد للقرن الذي هو فيهم .

و فيه ،  بإسناده عن أبي بصير قال :  قلت لأبي عبد الله ( عليه السلام ) :  {  إنما أنت منذر ولكل قوم هاد } فقال :  قال رسول الله ( صلى الله عليه وآله وسلم ) :  أنا المنذر وعلي الهادي .  يا با محمد هل من هاد اليوم ؟  فقلت :  جعلت فداك ما زال منكم هاد من بعد هاد حتى رفعت إليك فقال :  رحمك الله يا با محمد لو كانت إذا نزلت آية على رجل ثم مات ذلك الرجل ماتت الآية مات الكتاب ولكنه يجري فيمن بقي كما جرى فيما مضى .

أقول :  والرواية تشهد على ما قدمناه أن شمول الآية لعلي ( عليه السلام ) من الجري وكذلك يجري في باقي الأئمة ،  وهذا الجري هو المراد مما ورد أنها نزلت في علي ( عليه السلام ) ."
13,8,"قوله تعالى :  {  الله يعلم ما تحمل كل أنثى وما تغيض الأرحام وما تزداد وكل شيء عنده بمقدار } قال في المفردات ،  :  غاض الشيء وغاضه غيره نحو نقص ونقصه غيره قال تعالى :  {  و غيض الماء } {  و ما تغيض الأرحام } أي تفسده الأرحام فتجعله كالماء الذي تبتلعه الأرض والغيضة المكان الذي يقف فيه الماء فيبتلعه وليلة غائضة أي مظلمة انتهى .

و على هذا فالأنسب أن تكون الأمور الثلاثة المذكورة في الآية أعني قوله :  {  ما تحمل كل أنثى } و{  ما تغيض الأرحام } و{  ما تزداد } إشارة إلى ثلاثة من أعمال الأرحام في أيام الحمل فما تحمله كل أنثى هو الجنين الذي تعيه وتحفظه وما تغيضه الأرحام هو دم الحيض تنصب فيها فتصرفه الرحم في غذاء الجنين ،  وما تزداده هو الدم التي تدفعها إلى خارج كدم النفاس والدم أو الحمرة التي تراها أيام الحمل أحيانا وهو الذي يظهر من بعض ما روي عن أئمة أهل البيت ( عليهم السلام ) وربما ينسب إلى ابن عباس .

و أكثر المفسرين على أن المراد بما تغيض الأرحام الوقت الذي تنقصه الأرحام من مدة الحمل وهي تسعة أشهر ،  والمراد بما تزداد ما تزيد على ذلك .

و فيه خلوة عن شاهد يشهد عليه فإن الغيض بهذا المعنى نوع من الاستعارة التي لا غنى لها عن القرينة .

و يروى عن بعضهم أن المراد بما تغيض الأرحام ما تنقص عن أقل مدة الحمل وهي ستة أشهر وهو السقط وبما تزداد ما يولد لأقصى مدة الحمل ،  وعن بعض آخر أن الغيض النقصان من الأجل والإزدياد الإزدياد فيه .

و يرد على الوجهين ما أوردناه على سابقهما ،  وقد عرفت أن الأنسب بسياق الآية النقص والزيادة فيما يقذف في الرحم من الدم .

و قوله :  {  و كل شيء عنده بمقدار } المقدار هو الحد الذي يحد به الشيء ويتعين ويمتاز به من غيره إذ لا ينفك الشيء الموجود عن تعين في نفسه وامتياز من غيره ولو لا ذلك لم يكن موجدا البتة .

و هذا المعنى أعني كون كل شيء مصاحبا لمقدار وقرينا لحد لا يتعداه حقيقة قرآنية تكرر ذكرها في كلامه تعالى كقوله :  {  قد جعل الله لكل شيء قدرا } :  الطلاق :  3 ،  وقوله :  {  و إن من شيء إلا عندنا خزائنه وما ننزله إلا بقدر معلوم } :  الحجر :  21 وغير ذلك من الآيات .

فإذا كان الشيء محدودا بحد لا يتعداه وهو مضروب عليه ذلك الحد عند الله وبأمره ولن يخرج من عنده وإحاطته ولا يغيب عن علمه شيء كما قال :  {  إن الله على كل شيء شهيد } :  الحج :  17 وقال :  {  ألا إنه بكل شيء محيط } :  حم السجدة :  54 ،  وقال :  {  لا يعزب عنه مثقال ذرة } :  السبأ :  3 فمن المحال أن لا يعلم تعالى ما تحمل كل أنثى وما تغيض الأرحام وما تزداد .

فذيل الآية أعني قوله :  {  و كل شيء عنده بمقدار } تعليل لصدرها أعني قوله :  {  الله يعلم ما تحمل كل أنثى } إلخ والآية وما يتلوها كالتذييل للآية السابقة أن الله يعلم بكل شيء ويقدر على كل شيء ويجيب الدعوة ويخضع له كل شيء فهو أحق بالربوبية فإليه أمر الآيات لا إليك وإنما أنت منذر .

بحث روائي

و في تفسير العياشي ،  عن محمد بن مسلم قال :  سألت أبا عبد الله ( عليه السلام ) عن قول الله :  {  الله يعلم ما تحمل كل أنثى وما تغيض الأرحام } قال :  ما لم يكن حملا .  {  و ما تزداد } قال :  الذكر والأنثى جميعا .

أقول :  وقوله :  الذكر والأنثى جميعا ،  يريد ما يزيد على الواحد من الواحد بدليل الرواية التالية .

و فيه ،  عن محمد بن مسلم وغيره عنهما ( عليهما السلام ) قال :  {  ما تحمل } كل من أنثى أو ذكر {  و ما تغيض الأرحام } قال :  ما لم يكن حملا {  و ما تزداد } عن أنثى أو ذكر .

و في الكافي ،  بإسناده عن حريز عمن ذكره عن أحدهما ( عليهما السلام ) :  في قول الله عز وجل :  {  الله يعلم ما تحمل كل أنثى - وما تغيض الأرحام وما تزداد } قال :  الغيض كل حمل دون تسعة أشهر {  و ما تزداد } كل شيء تزداد على تسعة أشهر فكلما رأت المرأة الدم الخالص في حملها من الحيض فإنها تزداد بعدد الأيام التي رأت في حملها من الدم .

أقول :  وهذا معنى آخر ونقل عن بعض قدماء المفسرين ."
13,9,"قوله تعالى :  {  عالم الغيب والشهادة الكبير المتعال } الغيب والشهادة كما سمعت مرارا معنيان إضافيان فالشيء الواحد يمكن أن يكون غيبا بالنسبة إلى شيء وشهادة بالنسبة إلى آخر وذلك أن الأشياء - كما تقدم - لا تخلو من حدود تلزمها ولا تنفك عنها فما كان من الأشياء داخلا في حد الشيء غير خارج عنه فهو شهادة بالنسبة إليه مشهود لإدراكه وما كان خارجا عن حد الشيء غير داخل فيه فهو غيب بالنسبة إليه غير مشهود لإدراكه .

و من هنا يظهر أن الغيب لا يعلم به إلا الله سبحانه أما أنه لا يصير معلوما لشيء فلأن العلم نوع إحاطة ولا معنى لإحاطة الشيء بما هو خارج عن حد وجوده أجنبي عن إحاطته ،  وأما أنه تعالى يعلم الغيب فلأنه تعالى غير محدود الوجود بحد وهو بكل شيء محيط فلا يمتنع شيء عنه بحده فلا يكون غيبا بالنسبة إليه وإن فرض أنه غيب بالنسبة إلى غيره .

فيرجع معنى علمه بالغيب والشهادة بالحقيقة إلى أنه لا غيب بالنسبة إليه بل الغيب والشهادة اللذان يتحققان فيما بين الأشياء بقياس بعضها إلى بعض هما معا شهادتان بالنسبة إليه تعالى ،  ويصير معنى قوله :  {  عالم الغيب والشهادة } أن الذي يمكن أن يعلم به أرباب العلم وهو الذي لا يخرج عن حد وجودهم والذي لا يمكن أن يعلموا به لكونه غيبا خارجا عن حد وجودهم هما معا معلومان مشهودان له تعالى لإحاطته بكل شيء .

و قوله {  الكبير المتعال } اسمان من أسمائه تعالى الحسنى ،  والكبر ويقابله الصغر من المعاني المتضائفة فإن الأجسام إذا قيس بعضها إلى بعض من حيث حجمها المتفاوت فما احتوى على مثل حجم الآخر وزيادة كان كبيرا وما لم يكن كذلك كان صغيرا ثم توسعوا فاعتبروا ذلك في غير الأجسام ،  والذي يناسب ساحة قدسه تعالى من معنى الكبرياء أنه تعالى يملك كل كمال لشيء ويحيط به فهو تعالى كبير أي له كمال كل ذي كمال وزيادة .

و المتعال صفة من التعالي وهو المبالغة في العلو كما يدل عليه قوله :  {  تعالى عما يقولون علوا كبيرا } :  أسرى :  43 فإن قوله :  {  علوا كبيرا } مفعول مطلق لقوله :  {  تعالى } وموضوع في محل قولنا :   "" تعاليا ""  فهو سبحانه علي ومتعال أما أنه علي فلأنه علا كل شيء وتسلط عليه والعلو هو التسلط ،  وأما أنه متعال فلأن له غاية العلو لأن علوه كبير بالنسبة إلى كل علو فهو العالي المتسلط على كان عال من كل جهة .

و من هنا تظهر النكتة في تعقيب قوله :  {  عالم الغيب والشهادة } بقوله :  {  الكبير المتعال } لأن مفاد مجموع الاسمين أنه سبحانه محيط بكل شيء متسلط عليه ولا يتسلط عليه ولا يغلبه شيء من جهة البتة فهو يعلم الغيب كما يعلم الشهادة ولا يتسلط عليه ولا يغلبه غيب حتى يعزب عن علمه بغيبته كما لا يتسلط عليه شهادة فهو عالم الغيب والشهادة لأنه كبير متعال .

/خ16"
13,10,"قوله تعالى :  {  سواء منكم من أسر القول ومن جهر به ومن هو مستخف بالليل وسارب بالنهار } السرب بفتحتين والسروب الذهاب في حدور وسيلان الدمع والذهاب في مطلق الطريق يقال سرب سربا وسروبا نحو مر مرا ومرورا .  كذا في المفردات ،  فالسارب هو الذاهب في الطريق المعلن بنفسه .

و الآية كالتفريع على الآية السابقة أي إذا كان الله سبحانه عالما بالغيب والشهادة على سواء فسواء منكم من أسر القول ومن جهر به أي بالقول والله سبحانه يعلم بقولهما ويسمع حديثهما من غير أن يخفى عليه إسرار من أسر بقوله ،  وسواء منكم من هو مستخف بالليل يستمد بظلمة الليل وإرخاء سدولها لأن يخفى من أعين الناظرين ومن هو سارب بالنهار ذاهب في طريقه متبرز غير مخف لنفسه فالله يعلم بهما من غير أن يخفى المستخفي بالليل بمكيدته .

/خ16"
13,11,"قوله تعالى :  {  له معقبات من بين يديه ومن خلفه يحفظونه من أمر الله } إلخ ظاهر السياق أن الضمائر الأربع  "" له ""   "" يديه ""   "" خلفه ""   "" يحفظونه ""  مرجعها واحد ولا مرجع يصلح لها جميعا إلا ما في الآية السابقة أعني الموصول في قوله :  {  من أسر القول } إلخ ،  فهذا الإنسان الذي يعلم به الله سبحانه في جميع أحواله هو الذي له معقبات من بين يديه ومن خلفه .

و تعقيب الشيء إنما يكون بالمجيء بعده والإتيان من عقبه فتوصيف المعقبات بقوله :  {  من بين يديه ومن خلفه } إنما يتصور إذا كان سائرا في طريق ،  ثم طاف عليه المعقبات حوله وقد أخبر سبحانه عن كون الإنسان سائرا هذا السير بقوله :  {  يا أيها الإنسان إنك كادح إلى ربك كدحا فملاقيه } :  الانشقاق :  6 وفي معناه سائر الآيات الدالة على رجوعه إلى ربه كقوله :  {  و إليه ترجعون } :  يس :  83 {  و إليه تقلبون } :  العنكبوت :  21 فللإنسان وهو سائر إلى ربه معقبات تراقبه من بين يديه ومن خلفه .

ثم من المعلوم من مشرب القرآن أن الإنسان ليس هو هذا الهيكل الجسماني والبدن المادي فحسب بل هو موجود تركب من نفس وبدن والعمدة فيما يرجع إليه من الشئون هي نفسه فلها الشعور والإرادة وإليها يتوجه الأمر والنهي وبها يقوم الثواب والعقاب والراحة والألم والسعادة والشقاء ،  وعنها يصدر صالح الأعمال وطالحها ،  وإليها ينسب الإيمان والكفر وإن كان البدن كالآلة التي يتوسل بها في مقاصدها ومآربها .

و على هذا يتسع معنى ما بين يدي الإنسان وما خلفه فيعم الأمور الجسمانية والروحية جميعا فجميع الأجسام والجسمانيات التي تحيط بجسم الإنسان مدى حياته بعضها واقعة أمامه وبين يديه وبعضها واقعة خلفه ،  وكذلك جميع المراحل النفسانية التي يقطعها الإنسان في مسيره إلى ربه والحالات الروحية التي يعتورها ويتقلب فيها من قرب وبعد وغير ذلك والسعادة والشقاء والأعمال الصالحة والطالحة وما ادخر لها من الثواب والعقاب كل ذلك واقعة خلف الإنسان أو بين يديه ولهذه المعقبات التي ذكرها الله سبحانه شأن فيها بما أن لها تعلقا بالإنسان .

و الإنسان الذي وصفه الله بأنه لا يملك لنفسه ضرا ولا نفعا ولا موتا ولا حياة ولا نشورا لا يقدر على حفظ شيء من نفسه ولا آثار نفسه الحاضرة عنده والغائبة عنه ،  وإنما يحفظها له الله سبحانه قال تعالى :  {  الله حفيظ عليهم } :  الشورى :  6 وقال :  {  و ربك على كل شيء حفيظ } :  السبأ :  21 وقال يذكر الوسائط في هذا الأمر {  و إن عليكم لحافظين } :  الانفطار :  10 .

فلو لا حفظه تعالى إياها بهذه الوسائط التي سماها حافظين تارة ومعقبات أخرى لشمله الفناء من جهاتها وأسرع إليها الهلاك من بين أيديها ومن خلفها غير أنه كما أن حفظها بأمر من الله عز شأنه كذلك فناؤها وهلاكها وفسادها بأمر من الله لأن الملك لله لا يدبر أمره ولا يتصرف فيه إلا هو سبحانه فهو الذي يهدي إليه التعليم القرآني ،  والآيات في هذه المعاني متكاثرة لا حاجة إلى إيرادها .

و الملائكة أيضا إنما يعملون ما يعملون بأمره قال تعالى :  {  ينزل الملائكة بالروح من أمره } :  النحل :  2 ،  وقال :  {  لا يسبقونه بالقول وهم بأمره يعملون } :  الأنبياء :  27 .

و من هنا يظهر أن هذه المعقبات الحفاظ كما يحفظون ما يحفظون بأمر الله كذلك يحفظونه من أمر الله فإن جانب الفناء والهلاك والضيعة والفساد بأمر الله كما أن جانب البقاء والاستقامة والصحة بأمر الله فلا يدوم مركب جسماني إلا بأمر الله كما لا ينحل تركيبه إلا بأمر الله ،  ولا تثبت حالة روحية أو عمل أو أثر عمل إلا بأمر من الله كما لا يطرقه الحبط ولا يطرأ عليه الزوال إلا بأمر من الله فالأمر كله لله وإليه يرجع الأمر كله .

و على هذا فهذه المعقبات كما يحفظونه بأمر الله كذلك يحفظونه من أمر الله ،  وعلى هذا ينبغي أن ينزل قوله في الآية المبحوث عنها :  {  يحفظونه من أمر الله } .

و بما تقدم يظهر وجه اتصال قوله تعالى :  {  إن الله لا يغير ما بقوم حتى يغيروا ما بأنفسهم } وأنه في موضع التعليل لقوله :  {  يحفظونه من أمر الله } والمعنى أنه تعالى إنما جعل هذه المعقبات ووكلها بالإنسان يحفظونه بأمره من أمره ويمنعونه من أن يهلك أو يتغير في شيء مما هو عليه لأن سنته جرت أن لا يغير ما بقوم من الأحوال حتى يغيروا ما بأنفسهم من الحالات الروحية كأن يغيروا الشكر إلى الكفر والطاعة إلى المعصية والإيمان إلى الشرك فيغير الله النعمة إلى النقمة والهداية إلى الإضلال والسعادة إلى الشقاء وهكذا .

و الآية أعني قوله :  {  إن الله لا يغير } إلخ ،  يدل بالجملة على أن الله قضى قضاء حتم بنوع من التلازم بين النعم الموهوبة من عنده للإنسان وبين الحالات النفسية الراجعة إلى الإنسان الجارية على استقامة الفطرة فلو جرى قوم على استقامة الفطرة وآمنوا بالله وعملوا صالحا أعقبهم نعم الدنيا والآخرة كما قال .  {  و لو أن أهل القرى آمنوا واتقوا لفتحنا عليهم بركات من السماء والأرض ولكن كذبوا } :  الأعراف :  96 والحال ثابتة فيهم دائمة عليهم ما داموا على حالهم في أنفسهم فإذا غيروا حالهم في أنفسهم غير الله سبحانه حالهم الخارجية بتغيير النعم نقما .

و من الممكن أن يستفاد من الآية العموم وهو أن بين حالات الإنسان النفسية وبين الأوضاع الخارجية نوع تلازم سواء كان ذلك في جانب الخير أو الشر فلو كان القوم على الإيمان والطاعة وشكر النعمة عمهم الله بنعمه الظاهرة والباطنة ودام ذلك عليهم حتى يغيروا فيكفروا ويفسقوا فيغير الله نعمه نقما ودام ذلك عليهم حتى يغيروا فيؤمنوا ويطيعوا ويشكروا فيغير الله نقمه نعما وهكذا .  هذا .

و لكن ظاهر السياق لا يساعد عليه وخاصة ما تعقبه من قوله {  وإذا أراد الله بقوم سوء فلا مرد له } فإنه أصدق شاهد على أنه يصف معنى تغييره تعالى ما بقوم حتى يغيروا فالتغيير لما كان إلى السيئة كان الأصل أعني {  ما بقوم } لا يراد به إلا الحسنة فافهم ذلك .

على أن الله سبحانه يقول :  {  و ما أصابكم من مصيبة فبما كسبت أيديكم ويعفوا عن كثير } :  الشورى :  30 فيذكر أنه يعفو عن كثير من السيئات فيمحو آثارها فلا ملازمة بين أعمال الإنسان وأحواله وبين الآثار الخارجية في جانب الشر بخلاف ما في جانب الخير كما قال تعالى في نظير الآية :  {  ذلك بأن الله لم يك مغيرا نعمة أنعمها على قوم حتى يغيروا ما بأنفسهم } :  الأنفال :  53 .

و أما قوله تعالى :  {  و إذا أراد الله بقوم سوء فلا مرد له } فإنما دخل في الحديث لا بالقصد الأولي لكنه تعالى لما ذكر أن كل شيء عنده بمقدار وإن لكل إنسان معقبات يحفظونه بأمره من أمره ولا يدعونه يهلك أو يتغير أو يضطرب في وجوده والنعم التي أوتيها ،  وهم على حالهم من الله لا يغيرها عليهم حتى يغيروا ما بأنفسهم وجب أن يذكر أن هذا التغيير من السعادة إلى الشقاء ومن النعمة إلى النقمة أيضا من الأمور المحكمة المحتومة التي ليس لمانع أن يمنع من تحققها ،  وإنما أمره إلى الله لا حظ فيه لغيره ،  وبذلك يتم أن الناس لا مناص لهم من حكم الله في جانبي الخير والشر وهم مأخوذ عليهم وفي قبضته .

فالمعنى :  وإذا أراد الله بقوم سوء ولا يريد ذلك إلا إذا غيروا ما بأنفسهم من سمات معبودية ومقتضيات الفطرة فلا مرد لذلك السوء من شقاء أو نقمة أو نكال .

ثم قوله :  {  وما لهم من دونه من وال } عطف تفسيري على قوله :  {  إذا أراد الله بقوم سوء فلا مرد له } ويفيد معنى التعليل له فإنه إذا لم يكن لهم من وال يلي أمرهم إلا الله سبحانه لم يكن هناك أحد يرد ما أراد الله بهم من السوء .

فقد بان من جميع ما تقدم أن معنى الآية - على ما يعطيه السياق - والله أعلم - أن لكل من الناس على أي حال كان معقبات يعقبونه في مسيره إلى الله من بين يديه ومن خلفه أي في حاضر حاله وماضيه يحفظونه بأمر الله من أن يتغير حاله بهلاك أو فساد أو شقاء بأمر آخر من الله ،  وهذا الأمر الآخر الذي يغير الحال إنما يؤثر أثره إذا غير قوم ما بأنفسهم فعند ذلك يغير الله ما عندهم من نعمة ويريد بهم السوء وإذا أراد الله بقوم سوء فلا مرد له لأنهم لا والي لهم يلي أمرهم من دونه حتى يرد ما أراد الله بهم من سوء .

و قد تبين بذلك أمور :

أحدها :  أن الآية كالبيان التفصيلي لما تقدم في الآيات السابقة من قوله :  {  و كل شيء عنده بمقدار } فإن الجملة تفيد أن للأشياء حدودا ثابتة لا تتعداها ولا تتخلف عنها عند الله حتى تعزب عن علمه ،  وهذه الآية تفصل القول في الإنسان أن له معقبات من بين يديه ومن خلفه موكلة عليه يحفظونه وجميع ما يتعلق به من أن يهلك أو يتغير عما هو عليه ،  ولا يهلك ولا يتغير إلا بأمر آخر من الله .

الثاني :  أنه ما من شيء من الإنسان من نفسه وجسمه وأوصافه وأحواله وأعماله وآثاره إلا وعليه ملك موكل يحفظه ،  ولا يزال على ذلك في مسيره إلى الله حتى يغير فالله سبحانه هو الحافظ وله ملائكة حفظة عليها ،  وهذه حقيقة قرآنية .

الثالث :  أن هناك أمرا آخر يرصد الناس لتغيير ما عندهم وقد ذكر الله سبحانه من شأن هذا الأمر أنه يؤثر فيما إذا غير قوم ما بأنفسهم فعند ذلك يغير الله ما بهم من نعمة بهذا الأمر الذي يرصدهم ،  ومن موارد تأثيره مجيء الأجل المسمى الذي لا يختلف ولا يتخلف ،  قال تعالى :  {  ما خلقنا السماوات والأرض وما بينهما إلا بالحق وأجل مسمى } :  الأحقاف :  3 وقال :  {  إن أجل الله إذا جاء لا يؤخر } :  نوح :  4 .

الرابع :  أن أمره تعالى هو المهيمن المتسلط على متون الأشياء وحواشيها على أي حال وأن كل شيء حين ثباته وحين تغيره مطيع لأمره خاضع لعظمته ،  وأن الأمر الإلهي وإن كان مختلفا بقياس بعضه إلى بعض منقسما إلى أمر حافظ وأمر مغير ذو نظام واحد لا يتغير وقد قال تعالى :  {  إن ربي على صراط مستقيم } :  هود 56 ،  وقال :  {  إنما أمره إذا أراد شيئا أن يقول له كن فيكون فسبحان الذي بيده ملكوت كل شيء } :  يس :  83 .

الخامس :  أن من القضاء المحتوم والسنة الجارية الإلهية التلازم بين الإحسان والتقوى والشكر في كل قوم وبين توارد النعم والبركات الظاهرية والباطنية ونزولها من عند الله إليهم وبقاؤها ومكثها بينهم ما لم يغيروا كما يشير إليه قوله تعالى :  {  و لو أن أهل القرى آمنوا واتقوا لفتحنا عليهم بركات من السماء والأرض ولكن كذبوا فأخذناهم بما كانوا يكسبون } :  الأعراف :  96 وقوله :  {  لئن شكرتم لأزيدنكم ولئن كفرتم إن عذابي لشديد } :  إبراهيم :  7 وقال :  {  هل جزاء الإحسان إلا الإحسان } :  الرحمن :  60 .

هذا هو الظاهر من الآية في التلازم بين شيوع الصلاح في قوم ودوام النعمة عليهم ،  وأما شيوع الفساد فيهم أو ظهوره من بعضهم ونزول النقمة عليهم فالآية ساكتة عن التلازم بينهما وغاية ما يفيده قوله :  {  لا يغير ما بقوم حتى يغيروا } جواز تغيره تعالى عند تغييرهم وإمكانه لا وجوبه وفعليته ،  ولذلك غير السياق فقال :  {  و إذا أراد الله بقوم سوء فلا مرد له } ولم يقل :  فيريد الله بهم من السوء ما لا مرد له .

و يؤيد هذا المعنى قوله :  {  و ما أصابكم من مصيبة فبما كسبت أيديكم ويعفوا عن كثير } :  الشورى :  30 حيث يدل صريحا على أن بعض التغيير عند التغيير معفو عنه .

و أما الفرد من النوع فالكلام الإلهي يدل على التلازم بين صلاح عمله وبين النعم المعنوية وعلى التغير عند التغير دون التلازم بين صلاحه والنعم الجسمانية .

و الحكمة في ذلك كله ظاهرة فإن التلازم المذكور مقتضى حكم التلاؤم والتوافق بين أجزاء النظام وسوق الأنواع إلى غاياتها فإن الله جعل للأنواع غايات وجهزها بما يسوقها إلى غاياتها ثم بسط تعالى التلاؤم والتوافق بين أجزاء هذا النظام كان المجموع شيئا واحدا لا معاندة ولا مضادة بين أجزائه فمقتضى طباعها أن يعيش كل نوع في عافية ونعمة وكرامة حتى يبلغ غايته فإذا لم ينحرف النوع الإنساني عن مقتضى فطرته الأصلية ولا منحرف من الأنواع ظاهرا غيره جرى الكون على سعادته ونعمته ولم يعدم رشدا ،  وأما إذا انحرف عن ذلك وشاع فيه الفساد أفسد ذلك التعادل بين أجزاء الكون وأوجب ذلك هجرة النعمة واختلال المعيشة وظهور الفساد في البر والبحر بما كسبت أيدي الناس ليذيقهم الله بعض ما عملوا لعلهم يرجعون .

و هذا المعنى كما لا يخفى إنما يتم في النوع دون الشخص ولذلك كان التلازم بين صلاح النوع والنعم العامة المفاضة عليهم ولا يجري في الأشخاص لأن الأشخاص ربما بطلت فيها الغايات بخلاف الأنواع فإن بطلان غاياتها من الكون يوجب اللعب في الخلقة قال تعالى :  {  وما خلقنا السماوات والأرض وما بينهما لاعبين } :  الدخان :  38 وقد تقدم بعض الكلام في هذا الباب في أبحاث الأعمال في الجزء الثاني من الكتاب .

و بما تقدم يظهر فساد الاعتراض على الآية حيث إنها تفيد بظاهرها أنه لا يقع تغيير النعم بقوم حتى يقع تغيير منهم بالمعاصي مع أن ذلك خلاف ما قررته الشريعة من عدم جواز أخذ العامة بذنوب الخاصة هذا فإنه أجنبي عن مفاد الآية بالكلية .

هذا بعض ما يعطيه التدبر في الآية الكريمة وللمفسرين في تفسيرها اختلاف شديد من جهات شتى :

من ذلك اختلافهم في مرجع الضمير في قوله :  {  له معقبات } فمن قائل :  إن الضمير راجع إلى  "" من ""  في قوله :  {  من أسر القول } إلخ ،  كما قدمناه ،  ومن قائل :  إنه يرجع إليه تعالى أي لله ملائكة معقبات من بين يدي الإنسان ومن خلفه يحفظونه .  و فيه أنه يستلزم اختلاف الضمائر .  على أنه يوجب وقوع الالتفات في قوله :  {  من أمر الله } من غير نكتة ظاهرة ،  ومن قائل :  إن الضمير للنبي ( صلى الله عليه وآله وسلم ) والآية تذكر أن الملائكة يحفظونه .  و فيه أنه كسابقه يستلزم اختلاف الضمائر والظاهر خلافه .  على أنه يوجب عدم اتصال الآية بسوابقها ولم يتقدم للنبي - ( صلى الله عليه وآله وسلم ) ذكر .

و من قائل :  إن الضمير عائد إلى من هو سارب بالنهار .  و هذا أسخف الوجوه وسنعود إليه .

و من ذلك اختلافهم في معنى المعقبات فقيل :  إن أصله المعتقبات صار معقبات بالنقل والإدغام يقال :  اعتقبه إذا حبسه واعتقب القوم عليه أي تعاونوا ورد بأنه خطأ ،  وقيل :  هو من باب التفعيل والتعقيب هو أن يتبع آخر في مشيته كأنه يطأ عقبه أي مؤخر قدمه فقيل :  إن المعقبات ملائكة يعقبون الإنسان في مسيره إلى الله لا يفارقونه ويحفظونه كما تقدم ،  وقيل :  المعقبات كتاب الأعمال من ملائكة الليل والنهار يعقب بعضهم بعضا فملائكة الليل تعقب ملائكة النهار وهم يعقبون ملائكة الليل يحفظون على الإنسان عمله .

و فيه :  أنه خلاف ظاهر قوله :  {  له معقبات } على أن فيه جعل يحفظونه بمعنى يحفظون عليه .

و قيل :  المراد بالمعقبات الأحراس والشرط والمواكب الذين يعقبون الملوك والأمراء والمعنى :  أن لمن هو سارب بالنهار وهم الملوك والأمراء معقبات من الأحراس والشرط يحيطون بهم ويحفظونهم من أمر الله أي قضائه وقدره توهما منهم أنهم يقدرون على ذلك ،  وهذا الوجه على سخافته لعب بكلامه تعالى .

و من ذلك اختلافهم في قوله :  {  من بين يديه ومن خلفه } فقيل :  إنه متعلق بمعقبات أي يعقبونه من بين يديه ومن خلفه .  و فيه أن التعقيب لا يتحقق إلا من خلف ،  وقيل :  متعلق بقوله :  {  يحفظونه } وفي الكلام تقديم وتأخير والترتيب :  يحفظونه من بين يديه ومن خلفه من أمر الله .  و فيه عدم الدليل على ذلك ،  وقيل :  متعلق بمقدر كالوقوع والإحاطة ونحوهما أو بنحو التضمين والمعنى له معقبات يحيطون به من بين يديه ومن خلفه وقد تقدم .

و من جهة أخرى قيل :  إن المراد بما بين يديه وما خلفه ما هو من جهة المكان أي يحيطون به من قدامه وخلفه يحفظونه من المهالك والمخاطر ،  وقيل :  المراد بهما ما تقدم من أعماله وما تأخر يحفظها عليه الملائكة الحفظ ويكتبونها ولا دليل على ما في الوجهين من التخصيص ،  وقيل :  المراد بما بين يديه ومن خلفه ما للإنسان من الشئون الجسمية والروحية مما له في حاضر حاله وما خلفه وراءه وهو الذي قدمناه .

و من ذلك اختلافهم في معنى قوله :  {  يحفظونه } فقيل هو بمعنى يحفظون عليه ،  وقيل :  هو مطلق الحفظ ،  وقيل :  هو الحفظ من المضار .

و من ذلك اختلافهم في قوله :  {  من أمر الله } فقيل :  هو متعلق بقوله :  {  معقبات } وإن قوله :  {  من بين يديه ومن خلفه } وقوله :  {  يحفظونه } وقوله :  {  من أمر الله } ثلاث صفات لمعقبات .  و فيه أنه خلاف الظاهر ،  وقيل :  هو متعلق بقوله :  {  يحفظونه } و{  من } بمعنى الباء للسببية أو المصاحبة والمعنى يحفظونه بسبب أمر الله أو بمصاحبة أمر الله ،  وقيل :  متعلق بيحفظونه و{  من } للابتداء أو للنشو أي يحفظونه مبتدأ ذلك أو ناشئا ذلك من أمر الله ،  وقيل :  هو كذلك لكن {  من } بمعنى  "" عن ""  أي يحفظونه عن أمر الله أن يحل به ويغشاه وفسروا الحفظ من أمر الله بأن الأمر بمعنى البأس أي يحفظونه من بأس الله بأن يستمهلوا كلما أذنب ويسألوا الله سبحانه أن يؤخر عنه المؤاخذة والعقوبة أو إمضاء شقائه لعله يتوب ويرجع ،  وفساد أغلب هذه الوجوه ظاهر غني عن البيان .

و من ذلك اختلافهم في اتصال قوله :  {  له معقبات من بين يديه ومن خلفه } إلخ فقيل :  متصل بقوله :  {  سارب بالنهار } وقد تقدم معناه ،  وقيل :  متصل بقوله :  {  الله يعلم ما تحمل كل أنثى } أو قوله :  {  عالم الغيب والشهادة } أي كما يعلمهم جعل عليهم حفظة يحفظونهم .  و قيل متصل بقوله :  {  إنما أنت منذر } الآية يعني أنه ( صلى الله عليه وآله وسلم ) محفوظ بالملائكة .  و الحق أنه متصل بقوله :  {  و كل شيء عنده بمقدار } ونوع بيان له ،  وقد تقدم ذكره .

و من ذلك اختلافهم في اتصال قوله :  {  إن الله لا يغير ما بقوم } إلخ فقيل :  إنه متصل بقوله :  {  و يستعجلونك بالعذاب } الآية أي أنه لا ينزل العذاب إلا على من يعلم من جهتهم بالتغيير حتى لو علم أن فيهم من سيؤمن بالله أو من في صلبه ممن سيولد ويعيش بالإيمان لم ينزل عليهم العذاب ،  وقيل :  متصل بقوله :  {  سارب بالنهار } يعني أنه إذا اقترف المعاصي فقد غير ما به من سمة العبودية وبطل حفظه ونزل عليه العذاب .

و القولان - كما ترى - بعيدان من السياق والحق أن قوله :  {  إن الله لا يغير ما بقوم } إلخ ،  تعليل لما تقدمه من قوله :  {  يحفظونه من أمر الله } وقد مر بيانه .

/خ16"
13,12,"قوله تعالى :  {  هو الذي يريكم البرق خوفا وطمعا وينشىء السحاب الثقال } السحاب بفتح السين جمع سحابة بفتحها ولذلك وصف بالثقال .

و الإراء إظهار ما من شأنه أن يحس بالبصر للمبصر ليبصره أو جعل الإنسان على صفة الرؤية والإبصار ،  والتقابل بين قوله :  {  يريكم } وقوله :  {  ينشىء } يؤيد المعنى الأول .

و قوله :  {  خوفا وطمعا } مفعول له أي لتخافوا وتطمعوا ،  ويمكن أن يكون مصدرين بمعنى الفاعل حالين من ضمير  "" كم ""  أي خائفين وطامعين .

و المعنى :  هو الذي يظهر لعيونكم البرق ليظهر فيكم صفتا الخوف والطمع كما أن المسافر يخافه والحاضر يطمع فيه ،  وأهل البحر يخافونه وأهل البر يطعمون فيه ويخاف صاعقته ويطمع في غيثه ،  ويخلق بإنشائه السحابات التي تثقل بالمياه التي تحملها ،  وفي ذكر آية البرق بالإراءة وآية السحاب بالإنشاء لطف ظاهر .

/خ16"
13,13,"قوله تعالى :  {  و يرسل الصواعق فيصيب بها من يشاء } إلخ ،  الصواعق جمع صاعقة وهو القطعة النارية النازلة من السماء عن برق ورعد ،  والجدل المفاوضة والمنازعة في القول على سبيل المغالبة ،  وأصله من جدلت الحبل إذا أحكمت فتله ،  والمحال بكسر الميم مصدر ماحله يماحله إذا ماكره وقاواه ليتبين أيهما أشد وجادله لإظهار مساويه ومعائبه فقوله :  {  و هم يجادلون في الله وهو شديد المحال } معناه - والله أعلم - أن الوثنيين - وإليهم وجه الكلام في إلقاء هذه الحجج - يجادلون في ربوبيته تعالى بتلفيق الحجة على ربوبية أربابهم كالتمسك بدأب آبائهم والله سبحانه شديد المماحلة لأنه عليم بمساويهم ومعائبهم قدير على إظهارها وفضاحتهم .

/خ16"
13,14,"قوله تعالى :  {  له دعوة الحق والذين يدعون من دونه لا يستجيبون لهم بشيء } إلى آخر الآية الدعاء والدعوة توجيه نظر المدعو إلى الداعي ويتأتى غالبا بلفظ أو إشارة ،  والاستجابة والإجابة إقبال المدعو على الداعي عن دعائه ،  وأما اشتمال الدعاء على سؤال الحاجة واشتمال الاستجابة على قضائها فذلك غاية متممة لمعنى الدعاء والاستجابة غير داخلة في مفهوميهما .

نعم :  الدعاء إنما يكون دعاء حقيقة إذا كان المدعو ذا نظر يمكن أن يوجه إلى الداعي وذا جدة وقدرة يمكنه بهما استجابة الدعاء وأما دعاء من لا يفقه أو يفقه ولا يملك ما ترفع به الحاجة فليس بحق الدعاء وإن كان في صورته .

و لما كانت الآية الكريمة قرر فيها التقابل بين قوله {  له دعوة الحق } وبين قوله :  {  و الذين يدعون من دونه } إلخ ،  الذي يذكر أن دعاء غيره خال عن الاستجابة ثم يصف دعاء الكافرين بأنه في ضلال علمنا بذلك أن المراد بقوله :  {  دعوة الحق } الدعوة الحقة غير الباطلة وهي الدعوة التي يسمعها المدعو ثم يستجيبها البتة ،  وهذا من صفاته تعالى وتقدس فإنه سميع الدعاء قريب مجيب وهو الغني ذو الرحمة وقد قال :  {  أجيب دعوة الداع إذا دعان } :  البقرة :  186 وقال :  {  ادعوني أستجب لكم } :  المؤمن :  60 فأطلق ولم يشترط في الاستجابة إلا أن تتحقق هناك حقيقة الدعاء وأن يتعلق ذلك الدعاء به تعالى لا غير .

فلفظة دعوة الحق من إضافة الموصوف إلى الصفة أو من الإضافة الحقيقة بعناية أن الحق والباطل كأنهما يقتسمان الدعاء فقسم منه للحق وهو الذي لا يتخلف عن الاستجابة ،  وقسم منه للباطل وهو الذي لا يهتدي إلى هدف الإجابة كدعاء من لا يسمع أو لا يقدر على الاستجابة .

فهو تعالى لما ذكر في الآيات السابقة أنه عليم بكل شيء وأن له القدرة العجيبة ذكر في هذه الآية أن له حقيقة الدعاء والاستجابة فهو مجيب الدعاء كما أنه عليم قدير ،  وقد ذكر ذلك في الآية بطريقي الإثبات والنفي أعني إثبات حق الدعاء لنفسه ونفيه عن غيره .

أما الأول فقوله :  {  له دعوة الحق } وتقديم الظرف يفيد الحصر ويؤيده ما بعده من نفيه عن غيره ،  وأما الثاني فقوله :  {  و الذين يدعون من دونه لا يستجيبون لهم بشيء إلا كباسط كفيه إلى الماء ليبلغ فاه وما هو ببالغه } وقد أخبر فيه أن الذين يدعوهم المشركون من دون الله لا يستجيبون لهم بشيء وقد بين ذلك في مواضع من كلامه فإن هؤلاء المدعوين إما أصنام يدعوهم عامتهم وهي أجسام ميتة لا شعور فيها ولا إرادة ،  وإما أرباب الأصنام من الملائكة أو الجن وروحانيات الكواكب والبشر كما ربما يتنبه له خاصتهم فهم لا يملكون لأنفسهم ضرا ولا نفعا ولا موتا ولا حياة ولا نشورا فكيف بغيرهم ولله الملك كله وله القوة كلها فلا مطمع عند غيره تعالى .

ثم استثنى من عموم نفي الاستجابة صورة واحدة فقط وهي ما يشبه مورد المثل المضروب بقوله :  {  كباسط كفيه إلى الماء ليبلغ فاه وما هو ببالغه } .

فإن الإنسان العطشان إذا أراد شرب الماء كان عليه أن يدنو من الماء ثم يبسط كفيه فيغترفه ويتناوله ويبلغ فاه ويرويه وهذا هو حق الطلب يبلغ بصاحبه بغيته في هدى ورشاد ،  وأما الظمآن البعيد من الماء يريد الري لكن لا يأتي من أسبابه بشيء غير أنه يبسط إليه كفيه يبلغ فاه فليس يبلغ البتة فاه وليس له من طلبه إلا صورته فقط .

و مثل من يدعو غير الله سبحانه مثل هذا الباسط كفيه إلى الماء ليبلغ فاه وليس له من الدعاء إلا صورته الخالية من المعنى واسمه من غير مسمى فهؤلاء المدعوون من دون الله لا يستجيبون للذين يدعونهم بشيء ولا يقضون حاجتهم إلا كما يستجاب لباسط كفيه إلى الماء ليبلغ فاه ويقضي حاجته أي لا يحصل لهم إلا صورة الدعاء كما لا يحصل لذلك الباسط إلا صورة الطلب ببسط الكفين .

و من هنا يعلم أن هذا الاستثناء {  إلا كباسط كفيه } إلخ ،  لا ينتقض به عموم النفي في المستثنى منه ولا يتضمن إلا صورة الاستثناء فهو يفيد تقوية الحكم في جانب المستثنى منه فإن مفاده أن الذين يدعون من دون الله لا يستجاب لهم إلا كما يستجاب لباسط كفيه إلى الماء ولن يستجاب له ،  وبعبارة أخرى لن ينالوا بدعائهم إلا أن لا ينالوا شيئا أي لن ينالوا شيئا البتة .

و هذا من لطيف كلامه تعالى ويناظر من وجه قوله تعالى الآتي :  {  قل أ فاتخذتم من دونه أولياء لا يملكون لأنفسهم نفعا ولا ضرا } وآكد منه كما سيجيء إن شاء الله .

و قد تبين بما تقدم :

أولا :  أن قوله :  {  دعوة الحق } المراد به حق الدعاء وهو الذي يستجاب ولا يرد البتة ،  وأما قول بعضهم :  إن المراد كلمة الإخلاص شهادة أن لا إله إلا الله فلا شاهد عليه من جهة السياق .

و ثانيا :  أن تقدير قوله {  و الذين يدعون } إلخ بإظهار الضمائر :  الذين يدعوهم المشركون من دون الله لا يستجيب أولئك المدعوون للمشركين بشيء .

و ثالثا :  أن الاستثناء من قوله :  {  لا يستجيبون لهم بشيء } وفي الكلام حذف وإيجاز والمعنى :  لا يستجيبون لهم بشيء ولا ينيلونهم شيئا إلا كما يستجاب لباسط كفيه إلى الماء ليبلغ فاه وينال من بسطه ،  ولعل الاستجابة مضمن معنى النيل ونحوه .

ثم أكد سبحانه الكلام بقوله :  {  و ما دعاء الكافرين إلا في ضلال } مع ما فيه من الإشارة إلى حقيقة أصيلة أخرى وهي أنه لا غرض لدعاء إلا الله سبحانه فإنه العليم القدير والغني ذو الرحمة فلا طريق له إلا طريق التوجه إليه تعالى فمن دعا غيره وجعله الهدف لدعائه فقد الارتباط بالغرض والغاية وخرج بذلك عن الطريق فضل دعاؤه فإن الضلال هو الخروج عن الطريق وسلوك ما لا يوصل إلى المطلوب .

/خ16"
13,15,"قوله تعالى :  {  و لله يسجد من في السماوات والأرض طوعا وكرها وظلالهم بالغدو والآصال } السجود الخرور على الأرض بوضع الجبهة أو الذقن عليها قال تعالى :  {  و خروا له سجدا } :  يوسف :  100 ،  وقال :  {  يخرون للأذقان سجدا } :  أسرى :  107 .  و الواحدة منه سجدة .

و الكره ما يأتي به الإنسان من الفعل بمشقة فإن حمل عليه من خارج فهو الكره بفتح الكاف وما حمل عليه من داخل نفسه فهو الكره بضمها والطوع يقابل الكره مطلقا .

و قال الراغب :  الغدوة والغداة من أول النهار ،  وقوبل في القرآن الغدو بالآصال نحو قوله :  {  و بالغدو والآصال } وقوبل الغداة بالعشي قال :  {  بالغداة والعشي } انتهى والغدو جمع غداة كقنى وقناة وقال في المجمع ،  :  الآصال جمع أصل - بضمتين - وأصل جمع أصيل فهو جمع الجمع مأخوذ من الأصل فكأنه أصل الليل الذي ينشأ منه وهو ما بين العصر إلى مغرب الشمس .  انتهى .

و الأعمال الاجتماعية التي يؤتى بها لأغراض معنوية كالتصدر الذي يمثل به الرئاسة والتقدم الذي يمثل به السيادة والركوع الذي يظهر به الصغر والصغار والسجود الذي يظهر به نهاية تذلل الساجد وضعته قبال تعزز المسجود له واعتلائه تسمى غاياتها بأساميها كما تسمى نفسها فكما يسمى التقدم تقدما كذلك تسمى السيادة تقدما وكما أن الانحناء الخاص ركوع كذلك الصغر والصغار الخاص ركوع وكما أن الخرور على الأرض سجود كذلك التذلل سجود كل ذلك بعناية أن الغاية من العمل هي المطلوبة بالحقيقة دون ظاهر هيئة العمل .

و هذه النظرة هي التي يعتبرها القرآن الكريم في نسبة السجود وما يناظره من القنوت والتسبيح والحمد والسؤال ونحو ذلك إلى الأشياء كقوله تعالى :  {  كل له قانتون } :  البقرة :  116 وقوله :  {  و إن من شيء إلا يسبح بحمده } :  أسرى :  44 وقوله :  {  يسأله من في السماوات والأرض } :  الرحمن :  29 وقوله :  {  و لله يسجد ما في السماوات وما في الأرض } :  النحل :  49 .

و الفرق بين هذه الأمور المنسوبة إلى الأشياء الكونية وبينها وهي واقعة في ظرف الاجتماع الإنساني أن الغايات موجودة في القسم الأول بحقيقة معناها بخلاف القسم الثاني فإنها إنما توجد فيها بنوع من الوضع والاعتبار فذلة المكونات وضعتها تجاه ساحة العظمة والكبرياء ذلة وضعة حقيقية بخلاف الخرور على الأرض ووضع الجبهة عليها فإنه ذلة وضعة بحسب الوضع والاعتبار ولذلك ربما يتخلف .

فقوله تعالى :  {  ولله يسجد من في السماوات والأرض } أخذ بما تقدم من النظر ولعله إنما خص أولي العقل بالذكر حيث قال :  {  من في السماوات والأرض } مع شمول هذه الذلة والضعة جميع الموجودات كما في آية النحل المتقدمة وكما يشعر به ذيل الآية حيث قال :  {  وظلالهم } إلخ ،  لأن الكلام في السورة مع المشركين والاحتجاج عليهم فكان في ذلك بعثا لهم أن يسجدوا لله طوعا كما يسجد له من دونهم من عقلاء السماوات والأرض طوعا حتى أن ظلالهم تسجد له .  و لذلك أيضا تعلقت العناية بذكر سجود الظلال ليكون آكد في استنهاضهم فافهمه .

ثم إن هذا التذلل والتواضع ،  الذي هو من عامة الموجودات لساحة ربهم عز وعلا ،  خضوع ذاتي لا ينفك عنها ولا يتخلف فهو بالطوع البتة وكيف لا وليس لها من نفسها شيء حتى يتوهم لها كراهة أو امتناع وجموح وقد قال تعالى :  {  فقال لها وللأرض ائتيا طوعا أو كرها قالتا أتينا طائعين } :  حم السجدة :  11 .

فالعناية المذكورة توجب الطوع لجميع الموجودات في سجودهم لله تعالى وتقطع دابر الكره عنهم البتة غير أن هناك عناية أخرى ربما صححت نسبة الكره إلى بعضها في الجملة وهي أن بعض هذه الأشياء واقعة في مجتمع التزاحم مجهزة بطباع ربما عاقتها عن البلوغ إلى غاياتها ومبتغياتها أسباب أخر وهي الأشياء المستقرة في عالمنا هذا عالم المادة التي ربما زوحمت في مآربها ومنعتها عن البلوغ إلى مقتضيات طباعها موانع متفرقة ولا شك أن مخالف الطبع مكروه كما أن ما يلائمه مطلوب .

فهذه الأشياء ساجدة لله خاضعة لأمره في جميع الشئون الراجعة إليها غير أنها فيما يخالف طباعها كالموت والفساد وبطلان الآثار والآفات والعاهات ونحو ذلك ساجدة له كرها ،  وفيما يلائم طباعها كالحياة والبقاء والبلوغ إلى الغايات والظفر بالكمال ساجدة له طوعا كالملائكة الكرام الذين لا يعصون الله فيما أمرهم ويفعلون ما يؤمرون .

و مما تقدم يظهر فساد قول بعضهم إن المراد بالسجدة هو الحقيقي منها يعني الخرور على الأرض بوضع الجبهة عليها مثلا فهم جميعا ساجدون غير أن المؤمن يسجد طوعا والكافر يسجد خوفا من السيف وقد نسب القول به إلى الحسن .

و كذا قول بعض :  إن المراد بالسجود الخضوع فله يخضع الكل إلا أن ذلك من المؤمن خضوع طوع ومن الكافر خضوع كره لما يحل به من الآلام والأسقام ونسب إلى الجبائي .

و كذا قول آخرين :  إن المراد بالآية خضوع جميع ما في السماوات والأرض من أولي العقل وغيرهم والتعبير بلفظ يخص أولي العقل للتغليب .

و أما قوله :  {  و ظلالهم بالغدو والآصال } ففيه إلحاق أظلال الأجسام الكثيفة بها في السجود فإن الظل وإن كان عدميا من حجب الجسم بكثافته عن نفوذ النور إلا أن له آثارا خارجية وهو يزيد وينقص في طرفي النهار ويختلف اختلافا ظاهرا للحس فله نحو من الوجود ذو آثاره يخضع في وجوده وآثاره لله ويسجد له .

و هي تسجد لله سبحانه سجدة طوع في جميع الأحيان ،  وإنما خص الغدو والآصال بالذكر لا لما قيل :  إن المراد بهما الدوام لأنه يذكر مثل ذلك للتأبيد إذ لو أريد سجودها الدائم لكان الأنسب به أن يقال :  بأطراف النهار حتى يعم جميع ما قبل الظهر وما بعده كما وقع في قوله :  {  و من آناء الليل فسبح وأطراف النهار لعلك ترضى } :  طه :  130 .

بل النكتة فيه - والله أعلم - أن الزيادة والنقيصة دائمتان للأظلال في الغداة والأصيل فيمثلان للحس السقوط على الأرض وذلة السجود ،  وأما وقت الظهيرة وأوساط النهار فربما انعدمت الأظلال فيها أو نقصت وكانت كالساكنة لا يظهر معنى السجدة منها ذلك الظهور .

و لا شك في أن سقوط الأظلال على الأرض وتمثيلها لخرور السجود منظور إليه في نسبة السجود إلى الأظلال في تفيؤها ،  وليس النظر مقصورا على مجرد طاعتها التكوينية في جميع أحوالها وآثارها والدليل على ذلك قوله :  {  أ ولم يروا إلى ما خلق الله من شيء يتفيأ ظلاله عن اليمين والشمائل سجدا لله وهم داخرون } :  النحل :  48 فإن العناية بذلك ظاهرة فيه .

و ليس ذلك قولا شعريا وتصويرا تخييليا يتوسل به في الدعوة الحقة في كلامه تعالى - وحاشاه - وقد نص أنه ليس بشعر بل الحقائق المتعالية عن الأوهام الثابتة عند العقل السليم البعيدة بطباعها عن الحس إذا صادفت موارد أمكن أن يظهر فيها للحس نوع ظهور ويتمثل لها بوجه كان من الحري أن يستمد به في تعليم الأفهام الساذجة والعقول البسيطة ونقلها من مرتبة الحس والخيال إلى مرحلة العقل السليم المدرك للحقائق من المعارف فإنه من الحس والخيال الحق المستظهر بالحقائق المؤيد بالحق فلا بأس بالركون إليه .

و من هذا الباب عده تعالى ما يشاهد من الضلال المتفيئة من الأجسام المنتصبة بالغدو والآصال ساجدة لله سبحانه لما فيها من السقوط على الأرض كخرور السجود من أولي العقل .

و من هذا الباب أيضا ما تقدم من قوله :  {  و يسبح الرعد بحمده } حيث أطلق التسبيح على صوت الرعد الهائل الذي يمثل لسانا ناطقا بتنزيهه تعالى عن مشابهة المخلوقين والثناء عليه لرحمته المبشر به بالريح والسحاب والبرق مع أن الأشياء قاطبة مسبحة بحمده بوجوداتها القائمة به تعالى المعتمدة عليه ،  وهذا تسبيح ذاتي منهم ودلالته دلالة ذاتية عقلية غير مرتبطة بالدلالات اللفظية التي توجد في الأصوات بحسب الوضع والاعتبار لكن الرعد بصوته الشديد الهائل يمثل للسمع والخيال هذا التسبيح الذاتي فذكره الله سبحانه بما له من الشأن لينتقل به الأذهان البسيطة إلى معنى التسبيح الذاتي الذي يقوم بذات كل شيء من غير صوت قارع ولا لفظ موضوع .

و يقرب من هذا الباب ما تقدم في مفتتح السورة في قوله تعالى :  {  رفع السماوات بغير عمد ترونها } وقوله :  {  و في الأرض قطع متجاورات } الآية إن التمسك في مقام الاحتجاج عليه تعالى بالأمور المجهول أسبابها عند الحس ليس لأن سببيته تعالى مقصورة على هذا النوع من الموجودات والأمور المعلومة الأسباب في غنى عنه تعالى فإن القرآن الكريم ينص على عموم قانون السببية وأنه تعالى فوق الجميع بل لأن الأمور التي لا تظهر أسبابها على الحس لبادىء نظرة تنبه الأفهام البسيطة وتمثل لها الحاجة إلى سبب أحسن تمثيل فتنتزع إلى البحث عن أسبابها وينتهي البحث لا محالة إلى سبب أول هو الله سبحانه ،  وفي القرآن الكريم من ذلك شيء كثير .

و بالجملة فتسمية سقوط ظلال الأشياء بالغدو والآصال على الأرض سجودا منها لله سبحانه مبنية على تمثيلها في هذه الحال معنى السجدة الذاتية التي لها في ذواتها بمثال حسي ينبه الحس لمعنى السجدة الذاتية ويسهل للفهم البسيط طريق الانتقال إلى تلك الحقيقة العقلية .

هذا هو الذي يعطيه التدبر في كلامه تعالى ،  وأما حمل هذه المعاني على محض الاستعارة الشعرية أو جعلها مجازا مثلا يراد به انقياد الأشياء لأمره تعالى بمعنى أنها توجد كما شاء أو القول بأن المراد بالظل هو الشخص فإن من يسجد يسجد ظله معه فإن هذه معان واهية لا ينبغي الالتفات إليها ."
13,16,"قوله تعالى :  {  قل من رب السماوات والأرض قل الله قل أ فاتخذتم من دونه أولياء لا يملكون لأنفسهم نفعا ولا ضرا } الآية بما تشتمل على أمر النبي ( صلى الله عليه وآله وسلم ) بالاحتجاج على المشركين بمنزلة الفذلكة من الآيات السابقة .

و ذلك أن الآيات السابقة تبين بأوضح البيان أن تدبير السماوات والأرض وما فيهما من شيء إلى الله سبحانه كما أن خلقها منه وأنه يملك ما يفتقر إليه الخلق والتدبير من العلم والقدرة والرحمة وأن كل من دونه مخلوق مدبر لا يملك لنفسه نفعا ولا ضرا وينتج ذلك أنه الرب دون غيره .

فأمر تعالى نبيه ( صلى الله عليه وآله وسلم ) أن يسجل عليهم نتيجة بيانه السابق ويسألهم بعد تلاوة الآيات السابقة عليهم الكاشفة عن وجه الحق لهم بقوله :  {  من رب السماوات والأرض } أي من هو الذي يملك السماوات والأرض وما فيهما ويدبر أمرها ؟  ثم أمره أن يجيب هو نفسه عن السؤال ويقول :   "" الله ""  لأنهم وهم مشركون معاندون يمتنعون عن الإقرار بتوحيد الربوبية وفي ذلك تلويح إلى أنهم لا يعقلون حجة ولا يفقهون حديثا .

ثم استنتج بمعونة هذه النتيجة نتيجة ثانية بها يتضح بطلان شركهم أوضح البيان وهي أن مقتضى ربوبيته تعالى الثابتة بالحجج السابقة أنه هو المالك للنفع والضرر فكل من دونه لا يملك لنفسه نفعا ولا ضرا فكيف لغيره ؟  فاتخاذ أرباب من دون الله أي فرض أولياء من دونه يلون أمر العباد ويملكون لهم نفعا وضرا في الحقيقة فرض لأولياء ليسوا بأولياء لأنهم لا يملكون لأنفسهم نفعا ولا ضرا فكيف يملكون لغيرهم ذلك ؟  .

و هذا هو المراد بقوله مفرعا على السؤال السابق :  {  قل أ فاتخذتم من دونه أولياء لا يملكون لأنفسهم نفعا ولا ضرا } أي فكيف يملكون لغيرهم ذلك :  أي إذا كان الله سبحانه هو رب السماوات والأرض فقد قلتم باتخاذكم أولياء آلهة من دونه قولا يكذبه نفسه وهو عدم ولايتهم في عين ولايتهم وهو التناقض الصريح بأنهم أولياء غير أولياء وأرباب لا ربوبية لهم .

و بالتأمل فيما قدمناه أن الآية بمنزلة الفذلكة من سابق البيانات يعود مفاد الآية إلى مثل قولنا :  إذا تبين ما تقدم فمن رب السماوات والأرض إلا الله ؟  أ فاتخذتم من دونه أولياء لا يملكون نفعا ولا ضرا ؟  فالعدول عن التفريع إلى أمر النبي ( صلى الله عليه وآله وسلم ) بقوله :  قل كذا وقل كذا وتكراره مرة بعد مرة إنما هو للتنزه عن خطابهم على ما بهم من قذارة الجهل والعناد وهذا من لطيف نظم القرآن .

قوله تعالى :  {  قل هل يستوي الأعمى والبصير أم هل تستوي الظلمات والنور } مثلان ضربهما الله سبحانه بعد تمام الحجة وإتمامها عليهم وأمر النبي ( صلى الله عليه وآله وسلم ) أن يضربهما لهم يبين بأحدهما حال المؤمن والكافر فالكافر بالحجة الحقة والآيات البينات غير المسلم لها أعمى والمؤمن بها بصير فالعاقل لا يسوي بينهما ببديهة عقله ،  ويبين بالثاني أن الكفر بالحق ظلمات كما أن الكافر الواقع فيها غير بصير والإيمان بالحق نور كما أن المؤمن الأخذ به بصير ولا يستويان البتة فمن الواجب على المشركين إن كان لهم عقول سليمة - كما يدعون - أن يسلموا للحق ويرفضوا الباطل ويؤمنوا بالله وحده .

قوله تعالى :  {  أم جعلوا لله شركاء خلقوا كخلقه - إلى قوله - وهو الواحد القهار } في التعبير بقوله :  {  جعلوا } و{  عليهم } دون أن يقال جعلتم وعليكم دليل على أن الكلام مصروف عنهم إلى النبي ( صلى الله عليه وآله وسلم ) دون أن يؤمر بإلقائه إليهم .

ثم العود في جواب هذا الاحتمال الذي يتضمنه قوله :  {  أم جعلوا لله شركاء خلقوا كخلقه فتشابه الخلق عليهم } إلى الأمر بإلقائه إليهم بقوله :  {  قل الله خلق كل شيء وهو الواحد القهار } دليل على أن السؤال إنما هو عن النبي ( صلى الله عليه وآله وسلم ) والمطلوب من إلقاء توحيد الخالق إليهم هو الإلقاء الابتدائي لا الإلقاء بنحو الجواب ،  وليس إلا لأنهم لا يقولون بخالق غير الله سبحانه كما قال تعالى :  {  و لئن سألتهم من خلق السماوات والأرض ليقولن الله } :  لقمان :  25 ،  الزمر :  38 وقد كرر تعالى نقل ذلك عنهم .

فهؤلاء الوثنيون ما كانوا يرون لله سبحانه شريكا في الخلق والإيجاد وإنما كانوا ينازعون الإسلام في توحيد الربوبية لا في توحيد الألوهية بمعنى الخلق والإيجاد ،  وتسليمهم توحيد الخالق المبدع وقصر ذلك على الله يبطل قولهم بالشركاء في الربوبية وتتم الحجة عليهم لأن اختصاص الخلق والإيجاد بالله سبحانه ينفي استقلال الوجود والعلم والقدرة عن غيره تعالى ولا ربوبية مع انتفاء هذه النعوت الكمالية .

و لذلك لم يبق لهم في القول بربوبية شركائهم مع الله سبحانه إلا أن ينكروا توحده تعالى في الخلق والإيجاد ويثبتوا بعد الخلق والإيجاد لآلهتهم وهم لا يفعلونه وهذا هو الموجب لذكره تعالى هذا الاحتمال لنبيه ( صلى الله عليه وآله وسلم ) من دون أن يخاطبهم به أو يأمره أن يخاطبهم .

فكأنه تعالى إذ يقول :  {  أم جعلوا لله شركاء خلقوا كخلقه فتشابه الخلق عليهم } يقول لنبيه ( صلى الله عليه وآله وسلم ) :  هؤلاء تمت عليهم الحجة في توحيد الربوبية من جهة اختصاصه تعالى بالخلق والإيجاد فلم يبق لهم إلا أن يقولوا بشركة شركائهم في الخلق والإيجاد فهل هم قائلون بأن شركائهم خلقوا خلقا كخلقه ثم تشابه الخلق عليهم فقالوا بربوبيتهم إجمالا مع الله .

ثم أمر النبي ( صلى الله عليه وآله وسلم ) أن يلقي إليهم ما يقطع دابر هذا الاحتمال فقال :  {  قل الله خالق كل شيء وهو الواحد القهار } والجملة صدرها دعوى دليلها ذيلها أي أنه تعالى واحد في خالقيته لا شريك له فيها ،  وكيف يكون له فيها شريك وله وحدة يقهر كل عدد وكثرة وقد تقدم في تفسير قوله تعالى :  {  ء أرباب متفرقون خير أم الله الواحد القهار :  } يوسف :  39 بعض الكلام في معنى كونه تعالى هو الواحد القهار ،  وتبين هناك أن مجموع هاتين الصفتين ينتج صفة الأحدية .

و قد بان مما ذكرناه وجه تغيير السياق في قوله :  {  أم جعلوا لله شركاء خلقوا كخلقه فتشابه الخلق عليهم } والإعراض عن سياق الخطاب السابق فتأمل في ذلك واعلم أن أكثر المفسرين اشتبه عليهم الحال في الحجج التي تقيمها الآيات القرآنية لإثبات ربوبيته تعالى وتوحيده فيها ونفي الشريك عنه فخلطوا بينها وبين ما أقيمت لإثبات الصانع فتنبه لذلك .

/خ16"
13,17,"بيان

لما أتم الحجة على المشركين في ذيل الآيات السابقة ثم أبان لهم الفرق الجلي بين الحق والباطل والفرق بين من يأخذ بهذا أو يتعاطى ذاك بقوله :  {  قل هل يستوي الأعمى والبصير أم هل تستوي الظلمات والنور } أخذ في البيان التفصيلي للفرق بين الطريقين طريق الحق الذي هو الإيمان بالله والعمل الصالح وطريق الباطل الذي هو الشرك والعمل السيىء وأهلهما الذين هم المؤمنون والمشركون ،  وأن للأولين السلام وعاقبة الدار وللآخرين اللعنة ولهم سوء الدار والله يبسط الرزق لمن يشاء ويقدر وبدأ سبحانه الكلام في ذلك كله بمثل يبين به حال الحق والباطل وأثر كل منهما الخاص به ثم بنى الكلام على ذلك في وصف حال الطريقين والفريقين .

قوله تعالى :  {  أنزل من السماء ماء } إلى آخر الآية قال في مجمع البيان ،  :  الوادي سفح الجبل العظيم المنخفض الذي يجتمع فيه ماء المطر ،  ومنه اشتقاق الدية لأنه جمع المال العظيم الذي يؤدى عن القتيل ،  والقدر اقتران الشيء بغيره من غير زيادة ولا نقصان والوزن يزيد وينقص فإذا كان مساويا فهو القدر ،  وقرأ الحسن بقدرها بسكون الدال ،  وهما لغتان يقال :  أعطي قدر شبر وقدر شبر ،  والمصدر بالتخفيف لا غير .

قال :  والاحتمال رفع الشيء على الظهر بقوة الحامل له ،  ويقال :  علا صوته على فلان فاحتمله ولم يغضبه ،  والزبد وضر الغليان وهو خبث الغليان ومنه زبد القدر وزبد السيل .

و الجفاء ممدود مثل الغثاء وأصله الهمز يقال :  جفأ الوادي جفاء قال أبو زيد :  يقال :  جفأت الرجل إذا صرعته وأجفأت القدر بزبدها إذا ألقيت زبدها عنها ،  قال الفراء :  كل شيء ينضم بعضه إلى بعض فإنه يجيء على فعال مثل الحطام والقماش والغثاء والجفاء .

و الإيقاد إلقاء الحطب في النار استوقدت النار ،  واتقدت وتوقدت ،  والمتاع ما تمتعت به ،  والمكث السكون في المكان على مرور الزمان يقال :  مكث ومكث - بفتح الكاف وضمها - وتمكث أي تلبث .  انتهى .

و قال الراغب :  الباطل نقيض الحق وهو ما لا ثبات له عند الفحص عنه قال تعالى :  {  ذلك بأن الله هو الحق وأن ما يدعون من دونه الباطل } وقد يقال ذلك في الاعتبار إلى المقال والفعال يقال :  بطل بطولا وبطلا بطلانا وأبطله غيره قال عز وجل :  {  و بطل ما كانوا يعملون } وقال :  {  لم تلبسون الحق بالباطل } .  انتهى موضع الحاجة .

فبطلان الشيء هو أن يقدر للشيء نوع من الوجود ثم إذا طبق على الخارج لم يثبت على ما قدر ولم يطابقه الخارج والحق بخلافه فالحق والباطل يتصف بهما أولا الاعتقاد ثم غيره بعناية ما .

فالقول نحو السماء فوقنا والأرض تحتنا يكون حقا لمطابقة الواقع إياه إذا فحص عنه وطبق عليه ،  ولقولنا :  السماء تحتنا والأرض فوقنا كان باطلا لعدم ثباته في الواقع على ما قدر له من الثبات ،  والفعل يكون حقا إذا وقع على ما قدر له من الغاية أو الأمر كالأكل للشبع والسعي للرزق وشرب الدواء للصحة مثلا إذا أثر أثره وبلغ غرضه ،  ويكون باطلا إذا لم يقع على ما قدر عليه من الغاية أو الأمر والشيء الموجود في الخارج حق من جهة أنه موجود كما اعتقد كوجود الحق تعالى ،  والشيء غير الموجود وقد اعتقد له الوجود باطل وكذا لو كان موجودا لكن قدر له من خواص الوجود ما ليس له كتقدير الاستقلال والبقاء للموجود الممكن فالموجود الممكن باطل من جهة عدم الاستقلال أو البقاء المقدر له وإن كان حقا من جهة أصل الوجود قال :

ألا كل شيء ما خلا الله باطل ***  و كل نعيم لا محالة زائل .

و الآية الكريمة من غرر الآيات القرآنية تبحث عن طبيعة الحق والباطل فتصف بدء تكونهما وكيفية ظهورهما والآثار الخاصة بكل منهما وسنة الله سبحانه الجارية في ذلك ولن تجد لسنة الله تحويلا ولن تجد لسنة الله تبديلا .

بين تعالى ذلك بمثل ضربه للناس ،  وليس بمثلين كما قاله بعضهم ولا بثلاثة أمثال كما ذكره آخرون كما سنشير إليه إن شاء الله وإنما هو مثل واحد ينحل إلى أمثال فقال تعالى :  {  أنزل من السماء ماء فسالت أودية بقدرها فاحتمل السيل زبدا رابيا } وقوله :  {  أنزل } فعل فاعله هو الله سبحانه لم يذكر لوضوحه ،  وتنكير  "" ماء ""  للدلالة على النوع وهو الماء الخالص الصافي يعني نفس الماء من غير أن يختلط بشيء أو يشوبه تغير ،  وتنكير  "" أودية ""  للدلالة على اختلافها في الكبر والصغر والطول والقصر وتغايرها في السعة والوعي ،  ونسبة السيلان إلى الأودية نسبة مجازية نظير قولنا :  جرى الميزاب وتوصيف الزبد بالرابي لكونه طافيا يعلو سيل دائما وهذا كله بدلالة السياق ،  وإنما مثل بالسيل لأن احتمال الزبد الرابي فيه أظهر .

و المعنى :  أنزل الله سبحانه من السماء وهي جهة العلو ماء بالأمطار فسالت الأدوية الواقعة في محل الأمطار المختلفة بالسعة والضيق والكبر والصغر بقدرها أي كل بقدره الخاص به فالكبير بقدره والصغير بقدره فاحتمل السيل الواقع في كل واحد من الأودية المختلفة زبدا طافيا عاليا هو الظاهر على الحس يستر الماء سترا .

ثم قال تعالى :  {  و مما يوقدون عليه في النار ابتغاء حلية أو متاع زبد مثله } من نشوية وما يوقدون عليه أنواع الفلزات والمواد الأرضية القابلة للإذابة المصوغة منها آلات الزينة وأمتعة الحياة التي يتمتع بها والمعنى ويخرج من الفلزات والمواد الأرضية التي يوقدون عليها في النار طلبا للزينة كالذهب والفضة أو طلبا لمتاع كالحديد وغيره يتخذ منه الآلات والأدوات ،  زبد مثل الزبد الذي يربو السيل يطفو على المادة المذابة ويعلوه .

ثم قال تعالى :  {  كذلك يضرب الله الحق والباطل } أي يثبت الله الحق والباطل نظير ما فعل في السيل وزبده وما يوقدون عليه في النار وزبده .

فالمراد بالضرب - والله أعلم - نوع من التثبيت من قبيل قولنا :  ضربت الخيمة أي نصبتها وقوله :  ضربت عليهم الذلة والمسكنة أي أوقعت وأثبتت وضرب بينهم بسور أي أوجد وبني ،  واضرب لهم طريقا في البحر أي افتح وثبت وإلى هذا المعنى أيضا يعود ضرب المثل لأنه تثبيت ونصب لما يماثل الممثل حتى يتبين به حاله ،  والجميع في الحقيقة من قبيل إطلاق الملزوم وإرادة اللازم فإن الضرب وهو إيقاع شيء على شيء بقوة وعنف لا ينفك عادة عن تثبيت أمر في ما وقع عليه الضرب كثبوت الوتد في الأرض بضرب المطرقة وحلول الألم في جسم الحيوان بضربه فقد أطلق الضرب وهو الملزوم وأريد التثبيت وهو الأمر اللازم .

و من هنا يظهر أن قول المفسرين إن في الجملة حذفا أو مجازا والتقدير كذلك يضرب الله مثل الحق والباطل أو مثل الحق ومثل الباطل - على اختلاف تفسيرهم - في غير محله فإنه تكلف من غير موجب ولا دليل يدل عليه .

على أنه لو أريد به ذلك لكان موضعه المناسب له هو آخر الكلام وقد وقع فيه قوله تعالى :  {  كذلك يضرب الله الأمثال } وهو يغني عنه .

على أن ما ذكروه من المعنى يرجع إلى ما ذكرناه بالآخرة فإن كون حديث السيل والزبد أو ما يوقد عليه والزبد مثلا للحق والباطل يوجب كون ثبوت الحق نظير ثبوت السيل وثبوت ما يوقد عليه ،  وكون ثبوت الباطل نظير ثبوت الزبد فلا موجب للتقدير مع استقامة المعنى بدونه .

ثم قال تعالى :  {  فأما الزبد فيذهب جفاء وأما ما ينفع الناس فيمكث في الأرض } جمع بين الزبدين أعني زبد السيل وزبد ما يوقدون عليه وقد كانا متفرقين في الذكر لاشتراك الجميع فيما يذكر من الخاصة وهو أنه يذهب جفاء ،  ولذا قدمنا آنفا أن الآية تتضمن مثلا واحدا وإن انحل إلى غير واحد من الأمثال .

و قد عدل عن ذكر الماء وغيره إلى قوله :  {  و أما ما ينفع الناس } للدلالة على خاصة يختص بها الحق وهو أن الناس ينتفعون به وهو الغاية المطلوبة لهم .

و المعنى :  فأما الزبد الذي كان يطفو على السيل ويعلوه أو يخرج مما يوقدون عليه في النار فيذهب جفاء ويصير باطلا متلاشيا ،  وأما الماء الخالص أو العين الأرضية المصوغة وفيهما انتفاع الناس وتمتعهم في معاشهم فيمكث في الأرض ينتفع به الناس .

ثم قال تعالى :  {  كذلك يضرب الله الأمثال } وختم به القول أي إن الأمثال المضروبة للناس في كلامه تعالى يشابه المثل المضروب في هذه الآية في أنها تميز الحق من الباطل وتبين للناس ما ينفعهم في معاشهم ومعادهم .

و لا يبعد أن تكون الإشارة بقوله :  {  كذلك } إلى ما ذكره من أمر نزول المطر وجريان الأدوية بسيولها المزبدة وإيقاد المواد الأرضية وخروج زبدها ،  أعني أن تكون الإشارة إلى نفس هذه الحوادث الخارجية والتكونات العينية لا القول فيدل على أن هذه الوقائع الكونية والحوادث الواقعة في عالم الشهادة أمثال مضروبة تهدي أولي النهي والبصيرة إلى ما في عالم الغيب من الحقائق كما أن ما في عالم الشهادة آيات دالة على ما في عالم الغيب على ما تكرر ذكره في القرآن الكريم ،  ولا كثير فرق بين كون هذه المشهودات أمثالا مضروبة أو آيات دالة وهو ظاهر .

و قد تبين بهذا المثل المضروب في الآية أمور هي من كليات المعارف الإلهية :

أحدها :  أن الوجود النازل من عنده تعالى على الموجودات الذي هو بمنزلة الرحمة السماوية والمطر النازل من السحاب على ساحة الأرض خال في نفسه عن الصور والأقدار وإنما يتقدر من ناحية الأشياء أنفسها كماء المطر الذي يحتمل من القدر والصورة وما يطرأ عليه من ناحية قوالب الأودية المختلفة في الأقدار والصور فإنما تنال الأشياء من العطية الإلهية بقدر قابليتها واستعداداتها وتختلف باختلاف الاستعدادات والظروف والأوعية .

و هذا أصل عظيم يدل عليه أو يلوح إليه آيات كثيرة من كلامه تعالى كقوله :  {  و إن من شيء إلا عندنا خزائنه وما ننزله إلا بقدر معلوم } :  الحجر :  21 وقوله :  {  و أنزل لكم من الأنعام ثمانية أزواج } :  الزمر :  6 ومن الدليل عليه جميع آيات القدر .

ثم إن هذه الأمور المسماة بالأقدار وإن كانت خارجة عن الإفاضة السماوية مقدرة لها لكنها غير خارجة عن ملك الله سبحانه وسلطانه ولا واقعة من غير إذنه وقد قال تعالى ،  {  إليه يرجع الأمر كله } :  هود :  123 ،  وقال :  {  بل لله الأمر جميعا } :  الآية :  31 من السورة وبانضمام هذه الآيات إلى الآيات السابقة يظهر أصل آخر أدق معنى وأوسع مصداقا .

و ثانيها :  أن تفرق هذه الرحمة السماوية في أودية العالم وتقدرها بالأقدار المقارنة لها لا ينفك عن أخباث وفضولات تعلوها وتظهر منها غير أنها باطلة أي زائلة غير ثابتة بخلاف تلك الرحمة النازلة المتقدرة بالأقدار فإنها باقية ثابتة أي حقة وعند ذلك ينقسم ما في الوجود إلى حق وهو الثابت الباقي وباطل وهو الزائل غير الثابت .

و الحق من الله سبحانه والباطل ليس إليه وإن كان بإذنه قال تعالى :  {  الحق من ربك } :  آل عمران :  60 وقال :  {  و ما خلقنا السماء والأرض وما بينهما باطلا } :  ص :  27 فهذه الموجودات يشتمل كل منها على جزء حق ثابت غير زائل سيعود إليه ببطلان ما هو الباطل منها كما قال :  {  ما خلقنا السماوات والأرض وما بينهما إلا بالحق وأجل مسمى } :  الأحقاف :  3 وقال :  {  و يحق الله الحق بكلماته } :  يونس :  82 وقال :  {  إن الباطل كان زهوقا } :  أسرى :  81 وقال :  {  بل نقذف بالحق على الباطل فيدمغه فإذا هو زاهق } :  الأنبياء :  18 .

و ثالثها :  أن من حكم الحق أنه لا يعارض حقا غيره ولا يزاحمه بل يمده وينفعه في طريقه إلى كماله ويسوقه إلى ما يسلك إليه من السعادة ،  يدل على ذلك تعليقه البقاء والمكث في الآية على الحق الذي ينفع الناس .

و ليس المراد بنفي التعارض ارتفاع التنازع والتزاحم من بين الأشياء في عالمنا المشهود فإنما هو دار التنازع والتزاحم لا يرى فيه إلا نار يخمدها ماء وماء تفنيها نار وأرض يأكلها نبات ونبات يأكله حيوان ثم الحيوان يأكل بعضه بعضا ثم الأرض يأكل الجميع بل المراد أن هذه الأشياء على ما بينها من الافتراس والانتهاش تتعاون في تحصيل الأغراض الإلهية ويتسبب بعضها ببعض للوصول إلى مقاصدها النوعية فمثلها مثل القدوم والخشب فإنهما مع تنازعهما يتعاونان في خدمة النجار في صنعة الباب مثلا ،  ومثل كفتي الميزان فإنهما في تعارضهما وتصارعهما يطيعان من بيده لسان الميزان لتقدير الوزن ،  وهذا بخلاف الباطل كوجود كلال في القدوم أو بخس في المثقال فإنه يعارض الغرض الحق ويخيب السعي فيفسد من غير إصلاح ويضر من غير نفع .

و من هذا الباب غالب آيات التسخير في القرآن كقوله :  {  و سخر لكم ما في السماوات وما في الأرض جميعا منه } :  الجاثية :  13 فكل شيء منها يفعل ما يقتضيه طبعه غير أنه يسلك في ذلك إلى تحصيل ما أراده الله سبحانه من الأمر .

و هذه الأصول المستفادة من الآية الكريمة هي المنتجة لتفاصيل أحكام الصنع والإيجاد ،  ولئن تدبرت في الآيات القرآنية التي تذكر الحق والباطل وأمعنت فيها رأيت عجبا .

و اعلم أن هذه الأصول كما تجري في الأمور العينية والحقائق الخارجية كذلك تجري في العلوم والاعتقادات فمثل الاعتقادات الحق في نفس المؤمن مثل الماء النازل من السماء الجاري في الأودية على اختلاف سعتها وينتفع به الناس وتحيى قلوبهم ويمكث فيهم الخير والبركة ،  ومثل الاعتقاد الباطل في نفس الكافر كمثل الزبد الذي يربو السيل لا يلبث دون أن يذهب جفاء ويصير سدى ،  قال تعالى :  {  يثبت الله الذين آمنوا بالقول الثابت في الحياة الدنيا وفي الآخرة ويضل الله الظالمين ويفعل الله ما يشاء } :  إبراهيم :  27 .

بحث روائي

في الاحتجاج ،  عن أمير المؤمنين ( عليه السلام ) :  في حديث يذكر فيه أحوال الكفار قوله :  {  فأما الزبد فيذهب جفاء وأما ما ينفع الناس فيمكث في الأرض } الزبد في هذا الموضع كلام الملحدين الذين أثبتوه في القرآن فهو يضمحل ويبطل ويتلاشى عند التحصيل ،  والذي ينفع الناس منه ،  فالتنزيل الذي لا يأتيه الباطل من بين يديه ولا من خلفه والقلوب تقبله .  والأرض في هذا الموضع هي محل العلم وقراره .

أقول :  المراد بالتنزيل المراد الحقيقي من كلامه تعالى ،  وبكلام الملحدين المثبت في القرآن هو ما فسروه برأيهم ،  وما ذكره ( عليه السلام ) بعض المصاديق والآية أعم مدلولا كما مر ."
13,18,"قوله تعالى :  {  للذين استجابوا لربهم الحسنى والذين لم يستجيبوا له } إلى آخر الآية المهاد الفراش الذي يوطأ لصاحبه والمكان الممهد الموطأ وسميت جهنم مهادا لأنها مهدت لاستقرارهم فيها لكفرهم وأعمالهم السيئة .

و الآية وما بعدها من الآيات التسعة متفرعة على المثل المضروب في الآية السابقة - كما تقدمت الإشارة إليه يبين الله سبحانه فيها آثار الاعتقاد الحق والإيمان به والاستجابة لدعوته ،  وآثار الاعتقاد الباطل والكفر به وعدم استجابة دعوته ويشهد بذلك سياق الآيات فإن الحديث فيها يدور حول عاقبة الإيمان والكفر وأن العاقبة المحمودة التي للإيمان لا يقوم مقامها شيء ولو كان ضعف ما في الدنيا من نعمة .

و على هذا فالأظهر أن يكون المراد بالحسنى العاقبة الحسنى وما ذكره بعضهم أن المراد بها المثوبة الحسنى أو الجنة وإن كان حقا بحسب المآل فإن عاقبة الإيمان والعمل الصالح المحمودة هي المثوبة الإلهية الحسنى وهي الجنة لكن المثوبة أو الجنة غير مقصودة في المقام بما أنها مثوبة أو جنة بل بما أنها عاقبة أمرهم وينتهي إليها سعيهم .

و يؤيده بل يدل عليه قوله تعالى فيهم في الآيات التالية بعد تعريفهم بصفاتهم المختصة بهم :  {  أولئك لهم عقبى الدار جنات عدن يدخلونها } الآية .

و على هذا أيضا فقوله :  {  لو أن لهم ما في الأرض جميعا ومثله معه لافتدوا به } موضوع موضع الغاية المحذوفة للدلالة على فخامة أمرها وبلوغها الغاية من حمل الهول والدهشة والشر والشقوة بما لا يذكر .

و المعنى :  والذين لم يستجيبوا لربهم يحل بهم أمر - أو يفوتهم أمر وهو نتيجة الاستجابة وعاقبتها الحسنى من صفته أنه لو أن لهم ما في الأرض من نعمة تلتذ بها النفس الإنسانية وهو غاية ما يمكن لإنسان أن يأمله ويتمناه ثم أضيف إليه مثله وهو فوق منية الإنسان وبعبارة ملخصة لو كانوا يملكون غاية مناهم في الحياة وما فوق هذه الغاية رضوا أن يفتدوا بهذا الذي يملكونه فرضا عما يفوتهم من الحسنى ،  وفي بعض كلمات علي ( عليه السلام ) :  في وصفه :  {  غير موصوف ما نزل بهم } .

ثم أخبر تعالى عن هذا الذي لا يوصف من عاقبة أمرهم فقال :  {  أولئك لهم سوء الحساب ومأواهم جهنم } وسوء الحساب الحساب الذي يسوؤهم ولا يسرهم فهو من إضافة الصفة إلى الموصوف ثم ذم تعالى ذلك مشيرا إلى سوء العاقبة بقوله :  {  و بئس المهاد } أي بئس المهاد مهادهم الذي مهد لهم ويستقرون فيه ،  ومجموع قوله :  {  أولئك لهم سوء الحساب } إلخ في موضع التعليل لما ذكر من الافتداء والتعليل بالإشارة كثير في الكلام يقال :  افعل بفلان كذا وكذا ذاك الذي من صفته كذا وكذا .

و معنى الآية والله أعلم - للذين استجابوا لدعوة ربهم الحقة العاقبة الحسنى والذين لم يستجيبوا له لهم من عاقبة الأمر ما يرضون أن يفدوا للتخلص منه فوق ما يمكنهم أن يتمنوه لأن الذي يحل بهم من العاقبة السيئة يتضمن أو يقارن سوء الحساب والقرار في وبئس المهاد مهادهم .

و قد وضع في الآية الاستجابة وعدم الاستجابة مكان الإيمان والكفر لمناسبة المثل المضروب في الآية السابقة من نزول الماء من السماء وقبول الأودية منه كل بقدره ،  والاستجابة قبول الدعوة .

قوله تعالى :  {  أفمن يعلم أنما أنزل إليك من ربك الحق كمن هو أعمى إنما يتذكر أولوا الألباب } استفهام إنكاري وهو في موضع التعليل لما تتضمنه الآية السابقة ،  وبيان تفصيلي لعاقبة حال الفريقين من حيث استجابة دعوة الحق وعدمها .

و ملخص البيان :  أن الحق يستقر في قلوب هؤلاء الذين استجابوا لربهم فتصير قلوبهم ألبابا وقلوبا حقيقية لها آثارها وبركاتها وهو التذكر والتبصر ،  ومن خواص هذه القلوب التي يعرف بها صاحبوها أن أولي الألباب يثبتون على الوفاء بعهد الله المأخوذ عنهم بفطرتهم فلا ينقضون ميثاق ربهم ،  ويثبتون على احترام ما وصلهم الله به وهي الرحم التي أجرى الله الخلقة من طريقها فيصلونها وهم خاشعون خائفون ،  ويثبتون بالصبر عند المصائب وعن المعصية وعلى الطاعة ،  ويجرون بالتوجه إلى ربهم وهو الصلاة ،  وإصلاح المجتمع وهو الإنفاق ،  ودرء السيئات بالحسنات .

فهؤلاء لهم عاقبة الدار المحمودة وهي الجنة يدخلونها وتنعكس إليهم فيها مثوبات أعمالهم الحسنة المذكورة فيصاحبون فيها الصالحين من آبائهم وأزواجهم وذرياتهم كما وصلوا الرحم في الدنيا ،  والملائكة يدخلون عليهم من كل باب مسلمين عليهم بما صبروا كما فتحوا أبواب العبادات والطاعات المختلفة في الدنيا فهذا هو أثر الحق ."
13,19,"و قوله :  {  أفمن يعلم أنما أنزل إليك من ربك الحق كمن هو أعمى } الاستفهام فيه للإنكار - كما تقدم - وفيه نفي التساوي بين من استقر في قلبه العلم بالحق ومن جهل الحق ،  وفيه توصيف الجاهل بالحق بالأعمى إيماء إلى أن العالم به بصير ،  وقد سماه بالأعمى والبصير في قوله آنفا :  {  قل هل يستوي الأعمى والبصير } الآية ،  فالعلم بالحق بصيرة ،  والجهل به عمى ،  والتبصر يفيد التذكر ولذا عده من خواص أولي العلم بقوله :  {  إنما يتذكر } .

و قوله :  {  إنما يتذكر أولوا الألباب } في مقام التعليل لما سبقه أعني قوله :  {  أفمن يعلم } إلخ ،  أي أنهما لا يستويان لأن لأولي العلم تذكر ليس لأولي العمى والجهل ،  وقد وضع في موضع أولي العلم أولوا الألباب فدل على دعوى أخرى تفيد فائدة التعليل كأنه قيل :  لا يستويان لأن لأحد الفريقين تذكرا ليس للآخر ،  وإنما اختص التذكر بهم لأن لهم ألبابا وقلوبا وليس ذلك لغيرهم ."
13,20,"قوله تعالى :  {  الذين يوفون بعهد الله ولا ينقضون الميثاق } ظاهر السياق أن الجملة الثانية عطف تفسيري على الجملة الأولى فالمراد بالميثاق الذي لا ينقضونه هو عهد الله الذي يوفون به ،  والمراد بهذا العهد والميثاق بقرينة ما ذكر في الآية السابقة من تذكرهم هو ما عاهدوا به ربهم وواثقوه بلسان فطرتهم أن يوحدوه ويجروا على ما يقتضيه توحيده من الآثار ،  فإن الإنسان مفطور على توحيده تعالى وما يهتف به توحيده ،  وهذا عهد عاهدته الفطرة وعقد عقدته .

و أما العهود والمواثيق المأخوذة بوسيلة الأنبياء والرسل عن أمر من الله والأحكام والشرائع فكل ذلك من فروع الميثاق الفطري فإن الدين فطري .

بحث روائي

و في الدر المنثور ،  أخرج ابن جرير وابن أبي حاتم وأبو الشيخ عن قتادة :  في قوله :  {  الذين يوفون بعهد الله ولا ينقضون الميثاق } عليكم بالوفاء بالعهد ولا تنقضوا الميثاق فإن الله قد نهى عنه وقدم فيه أشد التقدمة ،  وذكره في بضع وعشرين آية نصيحة لكم وتقدمة إليكم وحجة عليكم ،  وإنما يعظم الأمور بما عظمها الله عند أهل الفهم وأهل العقل وأهل العلم بالله ،  وذكر لنا أن النبي ( صلى الله عليه وآله وسلم ) كان يقول في خطبته :  لا إيمان لمن لا أمانة له ولا دين لمن لا عهد له .

أقول :  ظاهر كلامه حمل العهد والميثاق في الآية الكريمة على ما يدور بين الناس أنفسهم وقد عرفت أن ظاهر السياق خلافه ."
13,21,"قوله تعالى :  {  و الذين يصلون ما أمر الله به أن يوصل } إلخ ،  الظاهر أن المراد بالأمر هو الأمر التشريعي النازل بشهادة ذيل الآية {  و يخافون سوء الحساب } فإن الحساب على الأحكام النازلة في الشريعة ظاهرا وإن كانت مدركة بالفطرة كقبح الظلم وحسن العدل فإن المستضعف الذي لم يبلغه الحكم الإلهي ولم يقصر لا يحاسب عليه كما يحاسب غيره ،  وقد تقدم في أبحاثنا السابقة أن الحجة لا تتم على الإنسان بمجرد الإدراك الفطري لو لا انضمام طريق الوحي إليه ،  قال تعالى :  {  لئلا يكون للناس على الله حجة بعد الرسل } :  النساء :  165 .

و الآية مطلقة فالمراد به كل صلة أمر الله سبحانه بها ومن أشهر مصاديقه صلة الرحم التي أمر الله بها وأكد القول في وجوبها ،  قال تعالى :  {  و اتقوا الله الذي تساءلون به والأرحام } :  النساء :  1 .

و قد أكد القول فيه بما في ذيل الآية من قوله :  {  و يخشون ربهم ويخافون سوء الحساب } فأشار إلى أن في ترك الصلة مخالفة لأمر الله فليخش الله في ذلك ،  وعملا سيئا مكتوبا في صحيفة العمل محفوظا على الإنسان يجب أن يخاف من حسابه السيىء .

و الظاهر أن الفرق بين الخشية والخوف أن الخشية تأثر القلب من إقبال الشر أو ما في حكمه ،  والخوف هو التأثر عملا بمعنى الإقدام على تهيئة ما يتقى به المحذور وإن لم يتأثر القلب ولذا قال سبحانه في صفة أنبيائه :

{  و لا يخشون أحدا إلا الله } :  الأحزاب :  39 .

فنفى عنهم الخشية عن غيره وقد أثبت الخوف لهم عن غيره في مواضع من كلامه كقوله :  {  فأوجس في نفسه خيفة موسى } :  طه :  67 وقوله :  {  و إما تخافن من قوم خيانة } :  الأنفال :  58 .

و لعله إليه يرجع ما ذكره الراغب في الفرق بينهما أن الخشية خوف يشوبه تعظيم وأكثر ما يكون ذلك عن علم .

و لذا خص العلماء بها في قوله .

{  إنما يخشى الله من عباده العلماء } وكذا قول بعضهم :  إن الخشية أشد الخوف لأنها مأخوذة من قولهم :  شجرة خشية أي يابسة .

و كذا قول بعضهم :  إن الخوف يتعلق بالمكروه وبمنزله يقال :  خفت المرض وخفت زيدا بخلاف الخشية فإنها تتعلق بالمنزل دون المكروه نفسه يقال :  خشيت الله .

و لو لا رجوعها إلى ما قدمناه لكانت ظاهرة النقض وذكر بعضهم أن الفرق أغلبي لا كلي ،  والآخرون أن لا فرق بينهما أصلا وهو مردود بما قدمناه من الآيات .

بحث روائي

و في الكافي ،  بإسناده عن عمر بن يزيد قال :  سألت أبا عبد الله ( عليه السلام ) عن قول الله عز وجل :  {  الذين يصلون ما أمر الله به أن يوصل } قال :  قرابتك .

و فيه ،  أيضا بإسناد آخر عنه قال :  قلت لأبي عبد الله ( عليه السلام ) :  {  الذين يصلون ما أمر الله به - أن يوصل } قال :  نزلت في رحم آل محمد وقد يكون في قرابتك .  ثم قال :  ولا تكونن ممن يقول في الشيء أنه في شيء واحد .

أقول :  يعني لا تقصر القرآن على معنى واحد إذا احتمل معنى آخر فإن للقرآن ظهرا وبطنا وقد جعل الله مودة ذي القربى - وهي من الصلة - أجر الرسالة في قوله :  {  قل لا أسألكم عليه أجرا إلا المودة في القربى } :  الشورى :  23  ،  ويدل على ما ذكرنا الرواية الآتية .

و في تفسير العياشي ،  عن عمر بن مريم قال :  سألت أبا عبد الله ( عليه السلام ) عن قول الله :  {  الذين يصلون ما أمر الله به - أن يوصل } قال :  من ذلك صلة الرحم وغاية تأويلها صلتك إيانا .

و فيه ،  عن محمد بن الفضيل قال :  سمعت العبد الصالح يقول :  {  الذين يصلون ما أمر الله به أن يوصل } قال هي رحم آل محمد معلقة بالعرش تقول :  اللهم صل من وصلني واقطع من قطعني ،  وهي تجري في كل رحم .

أقول :  وفي هذه المعاني روايات أخر ،  وقد تقدم معنى تعلق الرحم بالعرش في تفسير أوائل سورة النساء في الجزء الرابع من الكتاب .

و في الكافي ،  بإسناده عن سماعة بن مهران عن أبي عبد الله ( عليه السلام ) قال :  ومما فرض الله عز وجل أيضا في المال من غير الزكاة قوله عز وجل :  {  الذين يصلون ما أمر الله به أن يوصل } .

أقول :  ورواه العياشي في تفسيره .

و في تفسير العياشي ،  عن حماد بن عثمان عن أبي عبد الله ( عليه السلام ) :  أنه قال لرجل :  فلان ما لك ولأخيك ؟  قال :  جعلت فداك كان لي عليه حق فاستقصيت منه حقي .  قال أبو عبد الله ( عليه السلام ) أخبرني عن قول الله :  {  و يخافون سوء الحساب } أ تراهم خافوا أن يجور عليهم أو يظلمهم :  لا والله خافوا الاستقصاء والمداقة :  .  أقول :  ورواه في المعاني ،  وتفسير القمي ،  .

و فيه ،  عن هشام بن سالم عن أبي عبد الله ( عليه السلام ) :  في قوله :  {  و يخافون سوء الحساب } قال :  الاستقصاء والمداقة ،  وقال :  يحسب عليهم السيئات ولا يحسب لهم الحسنات .

أقول :  وذيل الحديث مروي بطرق مختلفة عنه ( عليه السلام ) ،  وعدم حساب الحسنات إنما هو لمكان المداقة والحصول على وجوه الخلل الخفية كما تدل عليه الرواية التالية .

و فيه ،  عن هشام عنه ( عليه السلام ) :  في الآية قال :  يحسب عليهم السيئات ولا يحسب لهم الحسنات وهو الاستقصاء .

و فيه ،  عن جابر عن أبي جعفر ( عليه السلام ) قال :  قال رسول الله ( صلى الله عليه وآله وسلم ) :  بر الوالدين وصلة الرحم يهون الحساب ثم تلا هذه الآية :  {  الذين يصلون ما أمر الله به أن يوصل - ويخشون ربهم ويخافون سوء الحساب } ."
13,22,"قوله تعالى :  {  و الذين صبروا ابتغاء وجه ربهم وأقاموا الصلاة وأنفقوا } إلى آخر الآية ،  إطلاق الصبر يدل على اتصافهم بجميع شعبه وأقسامه وهي الصبر عند المصيبة والصبر على الطاعة والصبر عن المعصية لكنه مع ذلك مقيد بقوله :  {  ابتغاء وجه ربهم } أي طلبا لوجه ربهم فصفتهم التي يمدحون بها أن يكون صبرهم لوجه الله لأن الكلام في صفاتهم التي تنشأ وتنمو فيهم من استجابتهم لربهم وعلمهم بحقيقة ما أنزل إليهم من ربهم لا كل صفة يمدحها الناس فيما بينهم وإن لم ترتبط بعبوديتهم وإيمانهم بربهم كالصبر عند الكريهة تمنعا وعجبا بالنفس أو طلبا لجميل الثناء ونحوه كما قيل :

وقولي كلما جشأت وجاشت *** مكانك تحمدي أو تستريحي .

و المراد بوجه الرب تعالى ،  هو الجهة المنسوبة إليه تعالى من العمل ونحوه وهي الجهة التي عليها يظهر ويستقر العمل عنده تعالى أعني المثوبة التي له عنده الباقية ببقائه وقد قال تعالى :  {  والله عنده حسن الثواب } :  آل عمران :  195 ،  وقال :  {  وما عند الله باق } :  النحل :  96 وقال :  {  كل شيء هالك إلا وجهه } :  القصص :  88 .

و قوله :  {  وأقاموا الصلاة } أي جعلوها قائمة غير ساقطة بالإخلال بأجزائها وشرائطها أو بالاستهانة بأمرها ،  وعطف الصلاة وما بعدها على الصبر من عطف الخاص على العام اعتناء بشأنه وتعظيما لأمره .

كما قيل .

و قوله :  {  و أنفقوا مما رزقناهم سرا وعلانية } المراد به مطلق الإنفاق أعم من الواجب وغيره ،  والآية مكية لم ينزل وجوب الزكاة عند نزولها بعد ،  وتقييد الإنفاق بقوله :  {  سرا وعلانية } للدلالة على استيفائهم حقه ،  فإن من الإنفاق ما يحسن فيه الإسرار ومنه ما يحسن فيه الإعلان ،  فعلى من آمن بما أنزله الله بالحق أن يستوفي من كل حقه ،  فيسر بالإنفاق إذا كان في إعلانه مظنة الرياء أو السمعة أو أهانة أو إذهاب ماء الوجه ،  ويعلن فيه فيما كان في إعلانه تشويق الناس على البر والمعروف ودفع التهمة ونحو ذلك .

و قوله :  {  و يدرؤن بالحسنة السيئة } الدرء الدفع والمعنى إذا صادفوا سيئة جاءوا بحسنة تزيد عليها أو تعادلها فيدفعون بها السيئة ،  وهذا أعم من أن يكون ذلك في سيئة صدرت من أنفسهم فدفعوها بحسنة جاءوا بها ،  فإن الحسنات يذهبن السيئات ،  أو دفعوها بتوبة إلى ربهم ،  فإن التائب من الذنب كمن لا ذنب له أو في سيئة أتى بها غيرهم بالنسبة إليهم كمن ظلمهم فدفعوه بالعفو أو بالإحسان إليه أو من جفاهم فقابلوه بحسن الخلق والبشر ،  كما إذا خاطبهم الجاهلون فقالوا سلاما ،  أو أتى بمنكر فنهوا عنه أو ترك معروف فأمروا به .

فذلك كله من درء السيئة بالحسنة ولا دليل من جانب اللفظ يدل على التخصيص ببعض هذه الوجوه البتة .

و قد اختلف التعبير في هذه الصفات المذكورة لأولي الألباب :   "" الذين يوفون ،  ولا ينقضون ،  ويصلون ،  ويخشون ،  ويخافون ،  وصبروا ،  وأقاموا ،  وأنفقوا ،  ويدرءون ""  فأتي في بعضها - وهي ستة بلفظ المضارع ،  وفي بعضها - وهي ثلاثة - بلفظ الماضي .

و قد نقل عن بعضهم في وجه ذلك أن التعبير في قوله :  {  و الذين صبروا ابتغاء وجه ربهم وأقاموا الصلاة وأنفقوا مما رزقناهم } إلخ بلفظ الماضي وفيما تقدم بلفظ المضارع على سبيل التفنن في الفصاحة لأن هذه الأفعال وقعت صلة للموصول يعني {  الذين } والموصول وصلته في معنى اسم الشرط مع الجملة الشرطية ،  والماضي والمضارع يستويان معنى في الجملة الشرطية نحو إن ضربت ضربت وإن تضرب أضرب فكذا فيما بمعناه .

و لذا قال النحويون :  إذا وقع الماضي صلة أو صفة لنكرة عامة احتمل أن يراد به المضي وأن يراد به الاستقبال فمن الأول {  الذين قال لهم الناس } ومن الثاني {  إلا الذين تابوا من قبل أن تقدروا عليهم } .

و فيه أن إلغاء خصوصية زمان الفعل من المضي والاستقبال في الشرط وما في معناه لا يستوجب إلغاء لوازم الأزمنة كالتحقق في الماضي والجريان والاستمرار ونحوهما في المضارع ،  فإن في الماضي مثلا عناية بالتحقق وإن كان ملغى الزمان فصحة السؤال عن نكتة اختلاف التعبير في محله بعد .

و يستفاد من كلام بعض آخر في وجهه أن المراد بالأوصاف المتقدمة أعني الوفاء بالعهد والصلة والخشية والخوف والاستصحاب والاستمرار لكن الصبر لما كان مما يتوقف على تحققه التلبس بتلك الأوصاف اعتني بشأنه فعبر بلفظ الماضي الدال على التحقق وكذا في الصلاة والإنفاق اعتناء بشأنهما .

و فيه أن بعض الصفات السابقة لا يقصر في الأهمية عن الصبر والصلاة والإنفاق ،  كالوفاء بعهد الله الذي أريد به الإيمان بالله بإجابة دعوة الفطرة ،  فلو كان الاعتناء بالشأن هو الوجه ،  كان من الواجب أن يعبر عنه بلفظ الماضي كغيره من الصبر والصلاة والإنفاق .

و الذي أحسب - والله أعلم - أن مجموع قوله تعالى :  {  و الذين صبروا ابتغاء وجه ربهم وأقاموا الصلاة وأنفقوا مما رزقناهم سرا وعلانية ويدرؤن بالحسنة السيئة } مسوق لبيان معنى واحد وهو الإتيان بالعمل الصالح أعني إتيان الواجبات وترك المحرمات وتدارك ما يقع فيه من الخلل استثناء بالحسنة ،  فالعمل الصالح هو المقصود بالأصالة ودرء السيئة بالحسنة الذي هو تدارك الخلل الواقع في العمل مقصود بالتبع كالمتمم للنقيصة .

فلو جرى الكلام على السياق السابق وقيل :  {  والذين يصبرون ابتغاء وجه ربهم ويقيمون الصلاة وينفقون مما رزقناهم سرا وعلانية ويدرؤن بالحسنة السيئة } فاتت هذه العناية وبطل ما ذكر من حديث الأصالة والتبعية لكن قيل :  {  والذين صبروا ابتغاء وجه ربهم } فأخذ جميع الصبر المستقر أمرا واحدا مستمرا ليدل على وقوع كل الصبر منهم ثم قيل :  {  و يدرؤن } إلخ ليدل على دوام مراقبتهم بالنسبة إليه لتدارك ما وقع فيه من الخلل وكذا في الصلاة والإنفاق فافهمه .

و هذه العناية بوجه نظيرة العناية في قوله تعالى :  {  إن الذين قالوا ربنا الله ثم استقاموا تتنزل عليهم الملائكة } الآية ،  حيث يدل على تفرع تنزل الملائكة على تحقق قولهم {  ربنا الله } واستقامتهم دون الاستمرار عليه .

و قوله :  {  أولئك لهم عقبى الدار } أي عاقبتها المحمودة فإنها هي العاقبة حقيقة لأن الشيء لا ينتهي بحسب ما جبله الله عليه إلا إلى عاقبة تناسبه وتكون فيها سعادته ،  وأما العاقبة المذمومة السيئة ففيها بطلان عاقبة الشيء لخلل واقع فيه ،  وإنما تسمى عاقبة بنحو من التوسع ،  ولذلك أطلق في الآية عقبى الدار وأريدت بها العاقبة المحمودة وقوبلت فيما يقابلها من الآيات بقوله :  {  و لهم سوء الدار } ،  ومن هنا يظهر أن المراد بالدار هذه الدار الدنيا أي حياة الدار فالعاقبة عاقبتها ."
13,23,"قوله تعالى :  {  جنات عدن يدخلونها ومن صلح من آبائهم وأزواجهم وذرياتهم } العدن الاستقرار يقال :  عدن بمكان كذا إذا استقر فيه ومنه المعدن لمستقر الجواهر الأرضية وجنات عدن أي جنات نوع من الاستقرار فيه خلود وسلام من كل جهة .

و جنات عدن  "" إلخ ""  بدل أو عطف بيان من قوله :  {  عقبى الدار } أي عاقبة هذه الدار المحمودة هي جنات العدن والخلود فليست هذه الحياة الدنيا بحسب ما طبعها الله عليه إلا حياة واحدة متصلة أولها عناء وبلاء وآخرها رخاء نعيم وسلام ،  وهذا الوعد هو الذي يحكي وفاءه تعالى به حكاية عن أهل الجنة بقوله :  {  و قالوا الحمد لله الذي صدقنا وعده وأورثنا الأرض نتبوأ من الجنة حيث نشاء } :  الزمر :  74 .

و الآية - كما سمعت - تحاذي قوله :  {  يصلون ما أمر الله به أن يوصل } وبيان لعاقبة هذا الحق الذي أخذوه وعملوا به وبشرى لهم أنهم سيصاحبون الصالحين من أرحامهم وأهليهم من الآباء والأمهات والذراري والإخوان والأخوات وغيرهم ويشمل الجميع قوله :  {  آبائهم وأزواجهم وذرياتهم } لأن الأمهات أزواج الآباء والإخوان والأخوات والأعمام والأخوال وأولادهم ذريات الآباء والآباء ،  من الداخلين فمعهم أزواجهم وذرياتهم ففي الآية إيجاز لطيف .

قوله تعالى :  {  و الملائكة يدخلون عليهم من كل باب سلام عليكم بما صبرتم فنعم عقبى الدار } وهذا عقبى أعمالهم الصالحة التي داموا عليها في كل باب من أبواب الحياة بالصبر على الطاعة وعن المعصية وعند المصيبة مع الخشية والخوف .

بحث روائي

و في الدر المنثور ،  :  في قوله :  {  جنات عدن } :  أخرج ابن مردويه عن علي قال :  قال رسول الله ( صلى الله عليه وآله وسلم ) جنة عدن قضيب غرسه الله بيده ثم قال له :  كن فكان ."
13,24,"و قوله :  {  سلام عليكم بما صبرتم فنعم عقبى الدار } قول الملائكة وقد خاطبوهم بالأمن والسلام الخالد وعقبى محمودة لا يعتريها ذم وسوء أبدا .

بحث روائي

و في الكافي ،  بإسناده عن عمرو بن شمر اليماني يرفع الحديث إلى علي ( عليه السلام ) قال :  قال رسول الله ( صلى الله عليه وآله وسلم ) :  الصبر ثلاثة صبر عند المصيبة ،  وصبر على الطاعة ،  وصبر عن المعصية فمن صبر على المصيبة حتى يردها بحسن عزائها كتب الله له ثلاثمائة درجة ما بين الدرجة إلى الدرجة كما بين السماء إلى الأرض ،  ومن صبر على الطاعة كتب الله له ستمائة درجة ما بين الدرجة إلى الدرجة كما بين تخوم الأرض إلى العرش ،  ومن صبر عن المعصية كتب الله له تسعمائة درجة ما بين الدرجة إلى الدرجة كما بين تخوم الأرض إلى منتهى العرش ."
13,25,"قوله تعالى :  {  و الذين ينقضون عهد الله من بعد ميثاقه } إلى آخر الآية ،  بيان حال غير المؤمنين بطريق المقابلة وقد قوبل بقوله :  {  و يفسدون في الأرض } بقية ما ذكر في الآيات السابقة بعد الوفاء بعهد الله والصلة ،  من الأعمال الصالحة وفيه إيماء إلى أن الأعمال الصالحة هي التي تضمن صلاح الأرض وعمارة الدار على نحو يؤدي إلى سعادة النوع الإنساني ورشد المجتمع البشري ،  وقد تقدم بيانه في دليل النبوة العامة .

و قد بين تعالى جزاء عملهم وعاقبة أمرهم بقوله :  {  أولئك لهم اللعنة ولهم سوء الدار } واللعن الإبعاد من الرحمة والطرد من كل كرامة ،  وليس ذلك إلا لانكبابهم على الباطل ورفضهم الحق النازل من الله ،  وليس للباطل إلا البوار ."
13,26,"قوله تعالى :  {  الله يبسط الرزق لمن يشاء ويقدر } إلى آخر الآية بيان أن ما أوتي الفريقان من العاقبة المحمودة والجنة الخالدة ومن اللعنة وسوء الدار هو من الرزق الذي يرزقه الله من يشاء وكيف يشاء من غير حجر عليه أو إلزام .

و قد بين أن فعله تعالى يستمر على وفق ما جعله من نظام الحق والباطل فالاعتقاد الحق والعمل به ينتهي إلى الارتزاق بالجنة والسلام والباطل من الاعتقاد والعمل به ينتهي إلى اللعنة وسوء الدار ونكد العيش .

و قوله :  {  و فرحوا بالحياة الدنيا وما الحياة الدنيا في الآخرة إلا متاع } يريد به - على ما يفيده السياق - أن الرزق هو رزق الأخرى لكنهم لميلهم إلى ظاهر الحياة الدنيا وزينتها ركنوا إليها وفرحوا بها ،  وقد أخطئوا فإنها حياة غير مقصودة بنفسها ولا خالدة في بقائها بل مقصودة لغيرها الذي هو الحياة الآخرة فهي بالنسبة إلى الآخرة متاع يتمتع به في غيره ولغيره غير مطلوب لنفسه فالحياة الدنيا بالقياس إلى الحياة الآخرة إنما تكون من الحق إذا أخذت مقدمة لها يكتسب بها رزقها وأما إذا أخذت مطلوبة بالاستقلال فليست إلا من الباطل الذي يذهب جفاء ولا ينتفع به في شيء ،  قال تعالى :  {  و ما هذه الحياة الدنيا إلا لهو ولعب وإن الدار الآخرة لهي الحيوان لو كانوا يعلمون } :  العنكبوت :  64"
13,27,"بيان عود ثان إلى قول الكفار :  {  لو لا أنزل عليه آية من ربه } نراها فنهتدي بها ونعدل بذلك عن الشرك إلى الإيمان ويجيب تعالى عنه بأن الهدى والضلال ليس شيء منهما إلى ما ينزل من آية بل إن ذلك إليه تعالى يضل من يشاء ويهدي من يشاء وقد جرت السنة الإلهية على هداية من أناب إليه وكان له قلب يطمئن إلى ذكره وأولئك لهم حسن المآب وعقبى الدار .  و إضلال من كفر بآياته الواضحة وأولئك لهم عذاب في الدنيا ولعذاب الآخرة أشق وما لهم من دون الله من واق .

و أن الله أنزل عليهم آية معجزة مثل القرآن لو أمكنت هداية أحد من غير مشية الله لكانت به لكن الأمر إلى الله وهو سبحانه لا يريد هداية من كتب عليهم الضلال من أهل الكفر والمكر ومن يضلل الله فما له من هاد .

قوله تعالى :  {  و يقول الذين كفروا لو لا أنزل عليه آية من ربه قل إن الله يضل من يشاء ويهدي إليه من أناب } عود إلى قول الكفار {  لو لا أنزل عليه آية من ربه } وإنما أرادوا به أنه لو أنزل على النبي ( صلى الله عليه وآله وسلم ) آية من ربه لاهتدوا به واستجابوا له وهم لا يعدون القرآن النازل إليه آية .

و الدليل على إرادتهم هذا المعنى قوله بعده :  {  قل إن الله يضل من يشاء } إلخ وقوله بعد :  {  و لو أن قرآنا سيرت به الجبال } - إلى قوله – {  بل لله الأمر جميعا } وقوله بعد :  {  و صدوا عن السبيل } إلى آخر الآية .

فأجاب تعالى عن قولهم بقوله آمرا نبيه أن يلقيه إليهم :  {  قل إن الله يضل من يشاء ويهدي إليه من أناب } فأفاد أن الأمر ليس إلى الآية حتى يهتدوا بنزولها ويضلوا بعدم نزولها بل أمر الإضلال والهداية إلى الله سبحانه يضل من يشاء ويهدي من يشاء .

و لما لم يؤمن أن يتوهموا منه أن الأمر يدور مدار مشية جزافية غير منتظمة أشار إلى دفعه بتبديل قولنا :  ويهدي إليه من يشاء من قوله :  {  و يهدي إليه من أناب } فبين أن الأمر إلى مشية الله تعالى جارية على سنة دائمة ونظام متقن مستمر وذلك أنه تعالى يشاء هداية من أناب ورجع إليه ويضل من أعرض ولم ينب فمن تلبس بصفة الإنابة والرجوع إلى الحق ولم يتقيد بأغلال الأهواء هداه الله بهذه الدعوة الحقة ومن كان دون ذلك ضل عن الطريق وإن كان مستقيما ولم تنفعه الآيات وإن كانت معجزة وما تغن الآيات والنذر عن قوم لا يؤمنون .

و من هنا يظهر أن قوله :  {  إن الله يضل } إلخ ،  على تقدير :  أن الله يضل بمشيته من لم ينب إليه ويهدي إليه بمشيته من أناب إليه .

و يظهر أيضا أن الضمير {  إليه } في {  يهدي إليه } راجع إليه تعالى وأن ما ذكره بعضهم أنه راجع إلى القرآن .

و آخرون أنه راجع إلى النبي ( صلى الله عليه وآله وسلم ) غير وجيه ."
13,28,"قوله تعالى :  {  الذين آمنوا وتطمئن قلوبهم بذكر الله ألا بذكر الله تطمئن القلوب } الاطمئنان السكون والاستقرار والاطمئنان إلى الشيء السكون إليه .

و ظاهر السياق أن صدر الآية بيان لقوله في ذيل الآية السابقة :  {  من أناب } فالإيمان واطمئنان القلب بذكر الله هو الإنابة ،  وذلك من العبد تهيؤ واستعداد يستعقب عطية الهداية الإلهية كما أن الفسق والزيغ في باب الضلال تهيؤ واستعداد يستعقب الإضلال من الله كما قال :  {  و ما يضل به إلا الفاسقين } :  البقرة :  26 وقال :  {  فلما زاغوا أزاغ الله قلوبهم والله لا يهدي القوم الفاسقين } :  الصف :  5 .

و ليس الإيمان بالله تعالى مثلا مجرد إدراك أنه حق فإن مجرد الإدراك ربما يجامع الاستكبار والجحود كما قال تعالى :  {  و جحدوا بها واستيقنتها أنفسهم } :  النمل :  14 مع أن الإيمان لا يجامع الجحود فليس الإيمان بشيء مجرد إدراك أنه حق مثلا بل مطاوعة وقبول خاص من النفس بالنسبة إلى ما أدركته يوجب تسليمها له ولما يقتضيه من الآثار وآيته مطاوعة سائر القوى والجوارح وقبولها له كما طاوعته النفس وقبلته فترى المعتاد ببعض الأعمال المذمومة ربما يدرك وجه القبح أو المساءة فيه غير أنه لا يكف عنه لأن نفسه لا تؤمن به ولا تستسلم له وربما طاوعته وسلمت له بعد ما أدركته وكفت عنه عند ذلك بلا مهل وهو الإيمان .

و هذا هو الذي يظهر من قوله تعالى :  {  فمن يرد الله أن يهديه يشرح صدره للإسلام ومن يرد أن يضله يجعل صدره ضيقا حرجا كأنما يصعد في السماء } :  الأنعام :  125 فالهداية من الله سبحانه تستدعي من قلب العبد أو صدره وبالأخرة من نفسه أمرا نسبته إليها نسبة القبول والمطاوعة إلى الأمر المقبول المطاوع ،  وقد عبر عنه في آية الأنعام بشرح الصدر وتوسعته ،  وفي الآية المبحوث عنها بالإيمان واطمئنان القلب وهو أن يرى الإنسان نفسه في أمن من قبوله ومطاوعته ويسكن قلبه إليه ويستقر هو في قلبه من غير أن يضطرب منه أو ينقلع عنه .

و من ذلك يظهر أن قوله :  {  و تطمئن قلوبهم بذكر الله } عطف تفسيري على قوله :  {  آمنوا } فالإيمان بالله يلازم اطمئنان القلب بذكر الله تعالى .

و لا ينافي ذلك ما في قوله تعالى :  {  إنما المؤمنون الذين إذا ذكر الله وجلت قلوبهم } :  الأنفال :  2 فإن الوجل المذكور فيه حالة قلبية متقدمة على الاطمئنان المذكور في الآية المبحوث عنها كما يرشد إليه قوله تعالى :  {  الله نزل أحسن الحديث كتابا متشابها مثاني تقشعر منه جلود الذين يخشون ربهم ثم تلين جلودهم وقلوبهم إلى ذكر الله ذلك هدى الله يهدي به من يشاء } :  الزمر :  23 وذلك أن النعمة هي النازلة من عنده سبحانه وأما النقمة أيا ما كانت فهي بالحقيقة إمساك منه عن إفاضة النعمة وإنزال الرحمة وليست فعلا ثبوتيا صادرا منه تعالى على ما يفيده قوله :  ،  {  ما يفتح الله للناس من رحمة فلا ممسك لها وما يمسك فلا مرسل له من بعده } :  فاطر :  2 .

و إذا كان الخوف والخشية إنما هو من شر متوقع ولا شر عنده سبحانه فحقيقة الخوف من الله هي خوف الإنسان من أعماله السيئة التي توجب إمساك الرحمة وانقطاع الخير المفاض من عنده ،  والنفس الإنسانية إذا قرعت بذكر الله سبحانه التفتت أولا إلى ما أحاطت به من سمات القصور والتقصير فأخذتها القشعريرة في الجلد والوجل في القلب ثم التفتت ثانيا إلى ربها الذي هو غاية طلبة فطرته فسكنت إليه واطمأنت بذكره .

و قال في مجمع البيان ،  :  وقد وصف الله المؤمن هاهنا بأنه يطمئن قلبه إلى ذكر الله ،  ووصفه في موضع آخر بأنه إذا ذكر الله وجل قلبه لأن المراد بالأول أنه يذكر ثوابه وإنعامه وآلاءه التي لا تحصى وأياديه التي لا تجازى فيسكن إليه ،  وبالثاني أنه يذكر عقابه وانتقامه فيخافه ويوجل قلبه .  انتهى ،  وهذا الوجه أوفق بتفسير من فسر الذكر في الآية بالقرآن الكريم وقد سماه الله تعالى ذكرا في مواضع كثيرة من كلامه كقوله :  {  و هذا ذكر مبارك } :  الأنبياء :  50 وقوله :  {  إنا نحن نزلنا الذكر } :  الحجر :  9 وغير ذلك .

لكن الظاهر أن يكون المراد بالذكر أعم من الذكر اللفظي وأعني به مطلق انتقال الذهن والخطور بالبال سواء كان بمشاهدة آية أو العثور على حجة أو استماع كلمة ،  ومن الشاهد عليه قوله بعده :  {  ألا بذكر الله تطمئن القلوب } فإنه كضرب القاعدة يشمل كل ذكر سواء كان لفظيا أو غيره ،  وسواء كان قرآنا أو غيره .

و قوله :  {  ألا بذكر الله تطمئن القلوب } فيه تنبيه للناس أن يتوجهوا إليه ويريحوا قلوبهم بذكره فإنه لا هم للإنسان في حياته إلا الفوز بالسعادة والنعمة ،  ولا خوف له إلا من أن تغتاله الشقوة والنقمة ،  والله سبحانه هو السبب الوحيد الذي بيده زمام الخير وإليه يرجع الأمر كله ،  وهو القاهر فوق عباده والفعال لما يريد وهو ولي عباده المؤمنين به اللاجئين إليه فذكره للنفس الأسيرة بيد الحوادث الطالبة لركن شديد يضمن له السعادة ،  المتحيرة في أمرها وهي لا تعلم أين تريد ولا أنى يراد بها ؟  كوصف الترياق للسليم تنبسط به روحه وتستريح معه نفسه ،  والركون إليه والاعتماد عليه والاتصال به كتناول ذاك السليم لذلك الترياق وهو يجد من نفسه نشاط الصحة والعافية آنا بعد آن .

فكل قلب - على ما يفيده الجمع المحلى باللام من العموم - يطمئن بذكر الله ويسكن به ما فيه من القلق والاضطراب نعم إنما ذلك في القلب الذي يستحق أن يسمى قلبا وهو القلب الباقي على بصيرته ورشده ،  وأما المنحرف عن أصله الذي لا يبصر ولا يفقه فهو مصروف عن الذكر محروم عن الطمأنينة والسكون قال تعالى :  {  فإنها لا تعمى الأبصار ولكن تعمى القلوب التي في الصدور } :  الحج :  46 ،  وقال :  {  لهم قلوب لا يفقهون بها } :  الأعراف :  179 وقال :  {  نسوا الله فنسيهم } :  التوبة :  67 .

و في لفظ الآية ما يدل على الحصر حيث قدم متعلق الفعل أعني قوله :  {  بذكر الله } عليه فيفيد أن القلوب لا تطمئن بشيء غير ذكر الله سبحانه ،  وما قدمناه من الإيضاح ينور هذا الحصر إذ لا هم لقلب الإنسان وهو نفسه المدركة إلا نيل سعادته والأمن من شقائه وهو في ذلك متعلق بذيل الأسباب ،  وما من سبب إلا وهو غالب في جهة ومغلوب من أخرى إلا الله سبحانه فهو الغالب غير المغلوب الغني ذو الرحمة فبذكره أي به سبحانه وحده تطمئن القلوب ولا يطمئن القلب إلى شيء غيره إلا غفلة عن حقيقة حاله ولو ذكر بها أخذته الرعدة والقلق .

و مما قيل في الآية الكريمة أعني قوله :  {  الذين آمنوا وتطمئن قلوبهم بذكر الله } إلخ إنها استئناف ،  وقوله :  {  الذين آمنوا } مبتدأ خبره قوله في الآية التالية :  {  طوبى لهم وحسن مآب } وقوله :  {  الذين آمنوا وعملوا الصالحات } بدل من المبتدإ وقوله :  {  ألا بذكر الله تطمئن القلوب } اعتراض بين المبتدإ وخبره ،  وهو تكلف بعيد من السياق .

بحث روائي

في تفسير العياشي ،  عن خالد بن نجيح عن جعفر بن محمد ( عليهما السلام ) :  في قوله :  {  ألا بذكر الله تطمئن القلوب } فقال بمحمد ( صلى الله عليه وآله وسلم ) تطمئن القلوب وهو ذكر الله وحجابه .

أقول :  وفي كلامه تعالى :  {  قد أنزل الله إليكم ذكرا رسولا } .

و في الدر المنثور ،  أخرج أبو الشيخ عن أنس قال :  قال رسول الله ( صلى الله عليه وآله وسلم ) لأصحابه حين نزلت هذه الآية :  {  ألا بذكر الله تطمئن القلوب } أ تدرون ما معنى ذلك ؟  قالوا :  الله ورسوله أعلم .  قال :  من أحب الله ورسوله وأحب أصحابي .

و في تفسير العياشي ،  عن ابن عباس :  أنه قال لرسول الله ( صلى الله عليه وآله وسلم ) :  {  الذين آمنوا وتطمئن قلوبهم بذكر الله - ألا بذكر الله تطمئن القلوب } ثم قال لي :  أتدري يا بن أم سليم من هم ؟  قلت :  من هم يا رسول الله ؟  قال :  نحن أهل البيت وشيعتنا .

و في الدر المنثور ،  أخرج ابن مردويه عن علي :  أن رسول الله ( صلى الله عليه وآله وسلم ) لما نزلت هذه الآية {  ألا بذكر الله تطمئن القلوب } قال :  ذاك من أحب الله ورسوله وأحب أهل بيتي صادقا غير كاذب وأحب المؤمنين شاهدا وغائبا ألا بذكر الله يتحابون .

أقول :  والروايات جميعا من باب الانطباق والجري فإن النبي ( صلى الله عليه وآله وسلم ) والطاهرون من أهل بيته والخيار من الصحابة والمؤمنين من مصاديق ذكر الله لأن الله يذكر بهم ،  والآية الكريمة أعم دلالة ."
13,29,"قوله تعالى :  {  الذين آمنوا وعملوا الصالحات طوبى لهم وحسن مآب } طوبى على وزن فعلى بضم الفاء مؤنث أطيب فهي صفة لمحذوف وهو على ما يستفاد من السياق - الحياة أو المعيشة وذلك أن النعمة كائنة ما كانت إنما تغتبط وتهنأ إذا طابت للإنسان ولا تطيب إلا إذا اطمأن القلب إليه وسكن ولم يضطرب ولا يوجد ذلك إلا لمن آمن بالله وعمل عملا صالحا فهو الذي يطمئن منه القلب ويطيب له العيش فإنه في أمن من الشر والخسران وسلام مما يستقبله ويدركه وقد أوى إلى ركن لا ينهدم واستقر في ولاية الله لا يوجه إليه ربه إلا ما فيه سعادته إن أعطى شيئا فهو خير له وإن منع فهو خير له .

و قد قال في وصف طيب هذه الحياة :  {  من عمل صالحا من ذكر أو أنثى وهو مؤمن فلنحيينه حياة طيبة ولنجزينهم أجرهم بأحسن ما كانوا يعملون } :  النحل :  97 وقال في صفة من لم يرزق اطمئنان القلب بذكر الله :  {  و من أعرض عن ذكري فإن له معيشة ضنكا ونحشره يوم القيامة أعمى } :  طه :  124 ،  ولعل وصف الحياة أو المعيشة في الآية التي نحن فيها بزيادة الطيب تلميحا إلى أنها نعمة لا تخلو من طيب على أي حال إلا أنها فيمن اطمأن قلبه بذكر الله أكثر طيبا لخلوصها من شوائب المنغصات .

فقوله :  {  طوبى لهم } في تقدير لهم حياة أو معيشة طوبى ،  فطوبى مبتدأ و "" لهم ""  خبره وإنما قدم المبتدأ المنكر على الظرف لأن الكلام واقع موقع التهنئة وفي مثله يقدم ما به التهنئة استعجالا بذكر ما يسر السامع ذكره نظير قولهم في البشارة :  بشرى لك .

و بالجملة في الآية تهنئة الذين آمنوا وعملوا الصالحات - وهم الذين آمنوا وتطمئن قلوبهم بذكر الله اطمئنانا مستمرا - بأطيب الحياة أو العيش وحسن المرجع ،  وبذلك يظهر اتصالها بما قبلها فإن طيب العيش من آثار اطمئنان القلب كما تقدم .

و قال في مجمع البيان ،  :  {  طوبى لهم } وفيه أقوال :  أحدها :  أن معناه فرح لهم وقرة عين .

عن ابن عباس .

و الثاني :  غبطة لهم .  عن الضحاك .

و الثالث :  خير لهم وكرامة .  عن إبراهيم النخعي .

و الرابع :  الجنة لهم .  عن مجاهد .

و الخامس :  معناه العيش المطيب لهم .  عن الزجاج ،  والحال المستطابة لهم ،  عن ابن الأنباري لأنه فعلى من الطيب ،  وقيل :  أطيب الأشياء لهم وهو الجنة .

عن الجبائي .

و السادس :  هنيئا يطيب العيش لهم .

و السابع :  حسنى لهم .  عن قتادة .

و الثامن :  نعم ما لهم .  عن عكرمة .

التاسع :  طوبى لهم دوام الخير لهم .

العاشر :  أن طوبى شجرة في الجنة أصلها في دار النبي ( صلى الله عليه وآله وسلم ) وفي دار كل مؤمن منها غصن عن عبيد بن عمير ووهب وأبي هريرة وشهر بن حوشب وروي عن أبي سعيد الخدري مرفوعا .

انتهى موضع الحاجة .

و أكثر هذه المعاني من باب الانطباق وهي خارجة عن دلالة اللفظ .

بحث روائي

و في تفسير القمي ،  عن أبيه عن محمد بن أبي عمير عن هشام بن سالم عن أبي عبد الله ( عليه السلام ) :  في حديث الإسراء بالنبي ( صلى الله عليه وآله وسلم ) قال :  فإذا شجرة لو أرسل طائر في أصلها ما دارها سبعمائة سنة وليس في الجنة منزل إلا وفيه غصن منها فقلت :  ما هذه يا جبرئيل ؟  فقال :  هذه شجرة طوبى قال الله تعالى :  {  طوبى لهم وحسن مآب } .

أقول :  وهذا المعنى مروي في روايات كثيرة وفي عدة منها :  أن جبرئيل ناولني منها ثمرة فأكلتها فحول الله ذلك إلى ظهري فلما أن هبطت إلى الأرض واقعت خديجة فحملت بفاطمة فما قبلت فاطمة إلا وجدت رائحة شجرة طوبى منها .

و في كتاب الخرائج ،  أن رسول الله ( صلى الله عليه وآله وسلم ) قال :  يا فاطمة إن بشارة أتتني من ربي في أخي وابن عمي أن الله عز وجل زوج عليا بفاطمة وأمر رضوان خازن الجنة فهز شجرة طوبى فحملت رقاعا بعدد محبي أهل بيتي فأنشأ ملائكة من نور ودفع إلى كل ملك خطا فإذا استوت القيامة بأهلها فلا تلقى الملائكة محبا لنا إلا دفعت إليه صكا فيه براءة من النار .

أقول :  وفي تفسير البرهان ،  عن المرفق بن أحمد في كتاب المناقب بإسناده عن بلال بن حمامة عن النبي ( صلى الله عليه وآله وسلم ) :  مثله وروي هذا المعنى أيضا عن أم سلمة وسلمان الفارسي وعلي بن أبي طالب :  وفيها أن الله لما أن أشهد على تزوج فاطمة من علي بن أبي طالب ملائكته أمر شجرة طوبى أن ينثر حملها وما فيها من الحلي والحلل فنثرت الشجرة ما فيها والتقطته الملائكة والحور العين لتهادينه وتفتخرن به إلى يوم القيامة وروي أيضا ما يقرب منه عن الرضا ( عليه السلام ) .

و في المجمع ،  روى الثعلبي بإسناده عن الكلبي عن أبي صالح عن ابن عباس قال :  طوبى شجرة أصلها في دار علي في الجنة وفي دار كل مؤمن منها غصن .  قال :  ورواه أبو بصير عن أبي عبد الله ( عليه السلام ) .

و في تفسير البرهان ،  عن تفسير الثعلبي يرفع الإسناد إلى جابر عن أبي جعفر ( عليه السلام ) قال :  سئل رسول الله ( صلى الله عليه وآله وسلم ) عن طوبى فقال :  شجرة في الجنة أصلها في دار علي وفرعها على أهل الجنة فقالوا :  يا رسول الله سألناك فقلت :  أصلها في داري وفرعها على أهل الجنة فقال :  داري ودار علي واحدة في الجنة بمكان واحد .

أقول :  ورواه أيضا في المجمع ،  بإسناده عن الحاكم أبي القاسم الحسكاني بإسناده عن موسى بن جعفر عن أبيه عن آبائه عن النبي ( صلى الله عليه وآله وسلم ) :  مثله .

أقول :  وفي هذا المعنى روايات كثيرة مروية من طرق الشيعة وأهل السنة ،  والظاهر أن الروايات غير ناظرة إلى تفسير الآية ،  وإنما هي ناظرة إلى بطنها دون ظهرها فإن حقيقة المعيشة الطوبى هي ولاية الله سبحانه وعلي ( عليه السلام ) صاحبها وأول فاتح لبابها من هذه الأمة والمؤمنون من أهل الولاية أتباعه وأشياعه ،  وداره ( عليه السلام ) في جنة النعيم وهي جنة الولاية ودار النبي ( صلى الله عليه وآله وسلم ) واحدة لا اختلاف بينهما ولا تزاحم فافهم ذلك ."
13,30,"قوله تعالى :  {  كذلك أرسلناك في أمة قد خلت من قبلها أمم } إلى آخر الآية متاب مصدر ميمي للتوبة وهي الرجوع ،  والإشارة بقوله :  {  كذلك } إلى ما ذكره تعالى من سنته الجارية من دعوة الأمم إلى دين التوحيد ثم إضلال من يشاء وهداية من يشاء على وفق نظام الرجوع إلى الله والإيمان به وسكون القلب بذكره وعدم الرجوع إليه .

و المعنى :  وأرسلناك في أمة قد خلت من قبلها أمم إرسالا يماثل هذه السنة الجارية ويجري في أمره على وفق هذا النظام لتتلو عليهم الذي أوحينا إليك وتبلغهم ما يتضمنه هذا الكتاب وهم يكفرون ،  بالرحمن وإنما قيل بالرحمن ،  دون أن يقال :   "" بنا ""  على ما يقتضيه ظاهر السياق إيماء إلى أنهم في ردهم هذا الوحي الذي يتلوه النبي ( صلى الله عليه وآله وسلم ) عليهم وهو القرآن وعدم اعتنائهم بأمره حيث يقولون مع نزوله :  {  لو لا أنزل عليه آية من ربه } يكفرون برحمة إلهية عامة تضمن لهم سعادة دنياهم وأخراهم لو أخذوه وعملوا به .

ثم أمر تعالى :  أن يصرح لهم القول في التوحيد فقال :  {  قل هو ربي لا إله إلا هو عليه توكلت وإليه متاب } أي هو وحده ربي من غير شريك كما تقولون ولربوبية لي وحده أتخذه القائم على جميع أموري وبها ،  وأرجع إليه في حوائجي وبذلك يظهر أن قوله :  {  عليه توكلت وإليه متاب } من آثار الربوبية المتفرعة عليها فإن الرب هو المالك المدبر فمحصل المعنى هو وكيلي وإليه أرجع .

و قيل :  إن المراد بالمتاب هو التوبة من الذنوب لما في المعنى الأول من لزوم كون {  إليه متاب } تأكيدا لقوله :  {  عليه توكلت } وهو خلاف ظاهر .

و فيه منع رجوعه إلى التأكيد ثم منع كونه خلاف الظاهر وهو ظاهر .

و ذكر بعضهم :  أن المعنى إليه متابي ومتابكم .  و فيه أنه مستلزم لحذف وتقدير لا دليل عليه ومجرد كون مرجعهم إليه في الواقع لا يوجب التقدير من غير أن يكون في الكلام ما يوجب ذلك .

بحث روائي

و في الدر المنثور ،  أخرج ابن جرير وابن المنذر عن ابن جريح :  في قوله :  {  و هم يكفرون بالرحمن } قال :  هذا لما كاتب رسول الله ( صلى الله عليه وآله وسلم ) قريشا في الحديبية كتب بسم الله الرحمن الرحيم قالوا :  لا نكتب الرحمن وما ندري ما الرحمن ؟  وما نكتب إلا باسمك اللهم فأنزل الله :  {  و هم يكفرون بالرحمن } :  .  أقول :  ورواه أيضا عن ابن جرير وابن أبي حاتم وأبي الشيخ عن قتادة وأنت تعلم أن الآيات على ما يعطيه سياقها مكية وصلح الحديبية من حوادث ما بعد الهجرة .  على أن سياق الآية وحدها أيضا لا يساعد على نزول جزء من أجزائها في قصة وتقطعه عن الباقي ."
13,31,"قوله تعالى :  {  و لو أن قرآنا سيرت به الجبال أو قطعت به الأرض أو كلم به الموتى بل لله الأمر جميعا } المراد بتسيير الجبال قلعها من أصولها وإذهابها من مكان إلى مكان وبتقطيع الأرض شقها وجعلها قطعة قطعة ،  وبتكليم الموتى إحياؤهم لاستخبارهم عما جرى عليهم بعد الموت ليستدل على حقية الدار الآخرة فإن هذا هو الذي كانوا يقترحونه .

فهذه أمور عظيمة خارقة للعادة فرضت آثارا لقرآن فرضه الله سبحانه بقوله :  {  و لو أن قرآنا } إلخ ،  وجزاء لو محذوف لدلالة الكلام عليه فإن الكلام معقب بقوله :  {  بل لله الأمر جميعا } والآيات - كما عرفت - مسوقة لبيان أن أمر الهداية ليس براجع إلى الآية التي يقترحونها بقولهم :  {  لو لا أنزل عليه آية } بل الأمر إلى الله يضل من يشاء كما أضلهم ويهدي إليه من أناب .

و على هذا يجري سياق الآيات كقوله تعالى بعد :  {  بل زين للذين كفروا مكرهم وصدوا عن السبيل ومن يضلل الله فما له من هاد } ،  وقوله :  {  و كذلك أنزلناه حكما عربيا ولئن اتبعت أهواءهم } الآية ،  وقوله :  {  و ما كان لرسول أن يأتي بآية إلا بإذن الله } الآية إلى غير ذلك ،  وعلى مثله جرى سياق الآيات السابقة .

فجزاء لو المحذوف هو نحو من قولنا :  ما كان لهم أن يهتدوا به إلا أن يشاء الله والمعنى ولو فرض أن قرآنا من شأنه أنه تسير به الجبال أو تقطع به الأرض أو يحيا به الموتى فتكلم ما كان لهم أن يهتدوا به إلا أن يشاء الله بل الأمر كله لله ليس شيء منه لغيره حتى يتوهم متوهم أنه لو أنزلت آية عظيمة هائلة مدهشة أمكنها أن تهديهم لا بل الأمر لله جميعا والهداية راجعة إلى مشيته .

و على هذا فالآية قريبة المعنى من قوله تعالى :  {  و لو أننا نزلنا إليهم الملائكة وكلمهم الموتى وحشرنا عليهم كل شيء قبلا ما كانوا ليؤمنوا إلا أن يشاء الله } :  الأنعام :  111 .

و ما قيل :  إن جزاء لو المحذوف نحو من قولنا :  لكان ذلك هذا القرآن ،  والمراد بيان عظم شأن القرآن وبلوغه الغاية القصوى في قوة البيان ونفوذ الأمر وجهالة الكفار حيث أعرضوا عنه واقترحوا آية غيره .

و المعنى :  أن القرآن في رفعة القدر وعظمة الشأن بحيث لو فرض أن قرآنا سيرت به الجبال أو قطعت به الأرض أو كلم به الموتى - أو في الموضعين لمنع الخلو لا لمنع الجمع - لكان ذلك هذا القرآن لكن الله لم ينزل قرآنا كذلك فالآية بوجه نظيرة قوله :  {  لو أنزلنا هذا القرآن على جبل لرأيته خاشعا متصدعا من خشية الله } :  الحشر :  21 .

و فيه أن سياق الآيات كما عرفت لا يساعد على هذا التقدير ولا يلائمه قوله بعده :  {  بل لله الأمر جميعا } وكذا قوله بعده :  {  أ فلم ييأس الذين آمنوا أن لو يشاء الله لهدى الناس جميعا } كما سنشير إليه إن شاء الله ولذلك تكلفوا في قوله :  {  بل لله الأمر جميعا } بما لا يخلو عن تكلف .

فقيل :  إن المعنى لو أن قرآنا فعل به ذلك لكان هو هذا القرآن ولكن لم يفعل الله سبحانه بل فعل ما عليه الشأن الآن لأن الأمر كله له وحده .

و قيل :  إن حاصل الإضراب أنه لا تكون هذه الأمور العظيمة الخارقة بقرآن بل تكون بغيره مما أراده الله فإن جميع الأمر له تعالى وحده .

و قيل :  إن الأحسن أن يكون قوله :  {  بل لله الأمر جميعا } .

معطوفا على محذوف والتقدير :  ليس لك من الأمر شيء بل الأمر لله جميعا .

و أنت ترى أن السياق لا يساعد على شيء من هذه المعاني ،  وأن حق المعنى الذي يساعد عليه السياق أن يكون إضرابا عن نفس الشرطية السابقة على تقدير الجزاء نحوا من قولنا :  لم يكن لهم أن يهتدوا به إلا أن يشاء الله .

قوله تعالى :  {  أ فلم ييأس الذين آمنوا أن لو يشاء الله لهدى الناس جميعا } تفريع على سابقه .

ذكر بعضهم أن اليأس بمعنى العلم وهي لغة هوازن وقيل لغة حي من النخع وأنشدوا على ذلك قول سحيم بن وثيل الرباحي :

أقول لهم بالشعب إذ يأسرونني *** ألم تيأسوا أني ابن فارس زهدم .

و قول رباح بن عدي :

ألم ييأس الأقوام أني أنا ابنه *** و إن كنت عن أرض العشيرة نائيا .

و محصل التفريع على هذا أنه إذا كانت الأسباب لا تملك من هدايتهم شيئا حتى قرآن سيرت به الجبال أو قطعت به الأرض أو كلم به الموتى وأن الأمر لله جميعا فمن الواجب أن يعلم الذين آمنوا أن الله لم يشأ هداية الذين كفروا لو يشاء الله لهدى الناس جميعا الذين آمنوا والذين كفروا لكنه لم يهد الذين كفروا فلم يهتدوا ولن يهتدوا .

و ذكر بعضهم أن اليأس بمعناه المعروف وهو القنوط غير أن قوله :  {  ألم ييأس } مضمن معنى العلم والمراد بيان لزوم علمهم بأن الله لم يشأ هدايتهم ولو شاء ذلك لهدى الناس جميعا ولزوم قنوطهم عن اهتدائهم وإيمانهم .

فتقدير الكلام بحسب الحقيقة :  أفلم يعلم الذين آمنوا أن الله لم يشأ هدايتهم ولو يشاء لهدى الناس جميعا أولم ييأسوا من اهتدائهم وإيمانهم ؟  ثم ضمن اليأس معنى العلم ونسب إليه من متعلق العلم الجملة الشرطية فقط أعني قوله :  {  لو يشاء الله لهدى الناس جميعا } إيجازا وإيثارا للاختصار .

و ذكر بعضهم :  أن قوله {  أفلم ييأس } على ظاهر معناه من غير تضمين وقوله :  {  أن لو يشاء الله } إلخ ،  متعلق بقوله :  {  آمنوا } بتقدير الباء ومتعلق {  ييأس } محذوف وتقدير الكلام أ فلم ييأس الذين آمنوا بأن لو يشاء الله لهدى الناس جميعا من إيمانهم وذلك أن الذين آمنوا يرون أن الأمر لله جميعا ويؤمنون بأنه تعالى لو يشاء لهدى الناس جميعا ولو لم يشأ لم يهد فإذ لم يهد ولم يؤمنوا فليعلموا أنه لم يشأ وليس في مقدره سبب من الأسباب أن يهديهم ويوفقهم للإيمان فلييأسوا من إيمانهم .

و هذه وجوه ثلاثة لعل أعدلها أوسطها والآية على أي حال لا تخلو من إشارة إلى أن المؤمنين كانوا يودون أن يؤمن الكفار ولعلهم لمودتهم ذلك لما سمعوا قول الكفار :  {  لو لا أنزل عليه آية من ربه } طمعوا في إيمانهم ورجوا منهم الاهتداء إن أنزل الله عليهم آية أخرى غير القرآن فسألوا النبي ( صلى الله عليه وآله وسلم ) أن يجيبهم على ذلك فأيأسهم الله من إيمانهم في هذه الآيات ،  وفي آيات أخرى من كلامه مكية ومدنية كقوله في سورة يس وهي مكية :  {  و سواء عليهم أ أنذرتهم أم لم تنذرهم لا يؤمنون } :  آية 10 ،  وقوله في سورة البقرة وهي مدنية :  {  إن الذين كفروا سواء عليهم أأنذرتهم أم لم تنذرهم لا يؤمنون } :  آية 6 .

قوله تعالى :  {  و لا يزال الذين كفروا تصيبهم بما صنعوا قارعة أو تحل قريبا من دارهم حتى يأتي وعد الله إن الله لا يخلف الميعاد } سياق الآيات يشهد أن المراد بقوله :  {  بما صنعوا } كفرهم بالرحمن قبال الدعوة الحقة ،  والقارعة هي المصيبة تقرع الإنسان قرعا كأنها تؤذنه بأشد من نفسها وفي الآية تهديد ووعيد قطعي للذين كفروا بعذاب غير مردود وذكر علائم وأشراط له تقرعهم مرة بعد مرة حتى يأتيهم العذاب الموعود .

و المعنى :  ولا يزال هؤلاء الذين كفروا بدعوتك الحقة تصيبهم بما صنعوا من الكفر بالرحمن مصيبة قارعة أو تحل تلك المصيبة القارعة قريبا من دارهم فلا يزالون كذلك حتى يأتي ما وعدهم الله من العذاب لأن الله لا يخلف ميعاده ولا يبدل قوله .

و التأمل في كون السورة مكية على ما يشهد به مضامين آياتها ثم في الحوادث الواقعة بعد البعثة وقبل الهجرة وبعدها إلى فتح مكة يعطي أن المراد بالذين كفروا هم كفار العرب من أهل مكة وغيرهم الذين ردوا أول الدعوة وبالغوا في الجحود والعناد وألحوا على الفتنة والفساد .

و المراد بالذين تصيبهم القارعة من كان في خارج الحرم منهم تصيبهم قوارع الحروب وشن الغارات ،  وبالذين تحل القارعة قريبا من دارهم أهل الحرم من قريش تقع حوادث السوء قريبا من دارهم فتصيبهم معرتها وتنالهم وحشتها وهمها وسائر آثارها السيئة ،  والمراد بما وعدهم عذاب السيف الذي أخذهم في غزوة بدر وغيرها .

و اعلم أن هذا العذاب الموعود للذين كفروا في هذه الآيات غير العذاب الموعود المتقدم في سورة يونس في قوله تعالى :  {  و لكل أمة رسول فإذا جاء رسولهم قضي بينهم بالقسط وهم لا يظلمون } - إلى قوله ثانيا – {  وقضي بينهم بالقسط وهم لا يظلمون } :  يونس :  47 - 54 فإن الذي في سورة يونس وعيد عام للأمة ،  والذي في هذه الآيات وعيد خاص بالذين كفروا في أول الدعوة النبوية من قريش وغيرهم ،  وقد تقدم في قوله :  {  إن الذين كفروا سواء عليهم أ أنذرتهم أم لم تنذرهم لا يؤمنون } :  البقرة :  6 في الجزء الأول من الكتاب أن المراد بقوله :  {  الذين كفروا } في القرآن إذا أطلق إطلاقا المعاندون من مشركي العرب في أول الدعوة كما أن المراد بالذين آمنوا إذا أطلق كذلك السابقون إلى الإيمان في أول الدعوة .

و اعلم أيضا أن للمفسرين في الآية أقوالا شتى تركنا إيرادها إذ لا طائل تحت أكثرها وفيما ذكرناه من الوجه كفاية للباحث المتدبر ،  وسيوافيك بعضها في البحث الروائي التالي إن شاء الله .

بحث روائي

و في الدر المنثور ،  أخرج ابن أبي حاتم وأبو الشيخ وابن مردويه عن عطية العوفي قال :  قالوا لمحمد ( صلى الله عليه وآله وسلم ) :  لو سيرت لنا جبال مكة حتى تتسع فنحرث فيها أو قطعت لنا الأرض كما كان سليمان ( عليه السلام ) يقطع لقومه بالريح أو أحييت لنا الموتى كما كان عيسى يحيي الموتى لقومه فأنزل الله تعالى :  {  و لو أن قرآنا سيرت به الجبال } الآية إلى قوله :  {  أ فلم ييأس الذين آمنوا } قال :  أ فلم يتبين الذين آمنوا .  قالوا :  هل تروي هذا الحديث عن أحد من أصحاب النبي ( صلى الله عليه وآله وسلم ) ؟  قال :  عن سعيد الخدري عن النبي ( صلى الله عليه وآله وسلم ) .

أقول :  وفيما يقرب من هذا المضمون روايات أخرى .

و في تفسير القمي ،  قال :  لو كان شيء من القرآن كذلك لكان هذا .

و في الكافي ،  عن محمد بن يحيى عن أحمد بن أبي زاهر أو غيره عن محمد بن حماد عن أخيه أحمد بن حماد عن إبراهيم عن أبيه عن أبي الحسن الأول ( عليه السلام ) في حديث :  وإن الله يقول في كتابه :  {  و لو أن قرآنا سيرت به الجبال - أو قطعت به الأرض أو كلم به الموتى } وقد ورثنا نحن هذا القرآن الذي فيه ما تسير به الجبال وتقطع به البلدان ويحيى به الموتى .  الحديث .

أقول :  والحديثان ضعيفان سندا .

و في الدر المنثور ،  أخرج ابن جرير عن علي :  أنه قرأ :  {  أ فلم يتبين الذين آمنوا } .

أقول :  وروي هذه القراءة أيضا عن ابن عباس .

و في المجمع ،  :  قرأ علي ( عليه السلام ) وابن عباس وعلي بن الحسين ( عليهما السلام ) وزيد بن علي وجعفر بن محمد ( عليهما السلام ) وابن أبي مليكة والجحدري وأبو يزيد المدني :  أ فلم يتبين والقراءة المشهورة :  أ فلم ييأس .

و في تفسير القمي ،  قال وفي رواية أبي الجارود عن أبي جعفر ( عليه السلام ) :  في قوله :  {  و لا يزال الذين كفروا تصيبهم بما صنعوا قارعة } وهي النقمة {  أو تحل قريبا من دارهم } فتحل بقوم غيرهم فيرون ذلك ويسمعون به والذين حلت بهم عصاة كفار مثلهم ولا يتعظ بعضهم ببعض ولا يزالون كذلك حتى يأتي وعد الله الذي وعد المؤمنين من النصر ،  ويخزي الله الكافرين ."
13,32,"قوله تعالى :  {  و لقد استهزىء برسل من قبلك فأمليت للذين كفروا ثم أخذتهم فكيف كان عقاب } تأكيد لما في الآية السابقة من الوعيد القطعي ببيان نظائر له تدل على إمكان وقوعه أي لا يتوهمن متوهم أن هذا الذي نهددهم به وعيد خال لا دليل على وقوعه كما قالوا :  {  لقد وعدنا هذا نحن وآباؤنا من قبل إن هذا إلا أساطير الأولين } :  النمل :  68 .

و ذلك أنه قد استهزىء برسل من قبلك بالكفر وطلب الآيات كما كفر هؤلاء بدعوتك ثم اقترحوا عليك آية مع وجود آية القرآن فأمليت وأمهلت للذين كفروا ثم أخذتهم بالعذاب فكيف كان عقابي ؟  أ كان وعيدا خاليا لا شيء وراءه ؟  أم كان أمرا يمكنهم أن يتقوه أو يدفعوه أو يتحملوه ؟  فإذا كان ذلك قد وقع بهم فليحذر هؤلاء وفعالهم كفعالهم أن يقع مثله بهم .

و من ذلك يظهر أن قولهم :  إن الآية تسلية وتعزية للنبي ( صلى الله عليه وآله وسلم ) في غير محله .

و قد بدل الاستهزاء في الآية ثانيا من الكفر إذ قيل :  {  للذين كفروا } ولم يقل بالذين استهزءوا للدلالة على أن استهزاءهم كان استهزاء كفر كما أن كفرهم كان كفر استهزاء فهم الكافرون المستهزءون بآيات الله كالذين كفروا بالنبي ( صلى الله عليه وآله وسلم ) وقالوا مستهزئين بالقرآن وهو آية :  لو لا أنزل عليه آية من ربه ."
13,33,"قوله تعالى :  {  أفمن هو قائم على كل نفس بما كسبت وجعلوا لله شركاء } القائم على شيء هو المهيمن المتسلط عليه والقائم بشيء من الأمر هو الذي يدبره نوعا من التدبير والله سبحانه هو القائم على كل نفس بما كسبت أما قيامه عليها فلأنه محيط بذاتها قاهر عليها شاهد لها ،  وأما قيامه بما كسبت فلأنه يدبر أمر أعمالها فيحولها من مرتبة الحركة والسكون إلى أعمال محفوظة عليها في صحائف الأعمال ثم يحولها إلى المثوبات والعقوبات في الدنيا والآخرة من قرب وبعد وهدى وضلال ونعمة ونقمة وجنة ونار .

و الآية متفرعة على ما تقدمها أي إذا كان الله سبحانه يهدي من يشاء فيجازيه بأحسن الثواب ويضل من يشاء فيجازيه بأشد العقاب وله الأمر جميعا فهو قائم على كل نفس بما كسبت ومهيمن مدبر لنظام الأعمال فهل يعدله غيره حتى يشاركه في ألوهيته ؟  .

و من ذلك يظهر أن الخبر في قوله :  {  أفمن هو قائم } إلخ ،  محذوف يدل عليه قوله :  {  و جعلوا لله شركاء } ومن سخيف القول ما نسب إلى الضحاك أن المراد بقوله :  {  أفمن هو قائم على كل نفس بما كسبت } الملائكة لكونهم موكلين على الأعمال والمعنى أفيكون الملائكة الموكلون على الأعمال بأمره شركاء له سبحانه ؟  وهو معنى بعيد من السياق غايته .

قوله تعالى :  {  قل سموهم أم تنبئونه بما لا يعلم في الأرض أم بظاهر من القول } لما ذكر سبحانه قوله :  {  و جعلوا لله شركاء } عاد إليهم ببيان يبطل به قولهم ذلك مأخوذ من البيان السابق بوجه .

فأمر نبيه بأن يحاجهم بنوع من الحجاج عجيب في بابه فقال :  {  قل سموهم } أي صفوهم فإن صفات الأشياء هي التي تتعين بها شئونها وآثارها فلو كانت هذه الأصنام شركاء لله شفعاء عنده وجب أن يكون لها من الصفات ما يسوي لها الطريق لهذا الشأن كما يقال فيه تعالى إنه حي عليم قدير خالق مالك مدبر فهو رب كل شيء لكن الأصنام إذا ذكرت فقيل :  هبل أو اللات أو العزى لم يوجد لها من الصفات ما يظهر به أنها شريكة لله شفيعة عنده .

ثم قال :  {  أم تنبئونه بما لا يعلم في الأرض } وأم منقطعة أي بل أ تنبئونه بكذا والمعنى أن اتخاذكم الأصنام شركاء له إنباء له في الحقيقة بما لا يعلم فلو كان له شريك في الأرض لعلم به لأن الشريك في التدبير يمتنع أن يخفى تأثيره في التدبير على شريكه والله سبحانه يدبر الأمر كله ولا يرى لغيره أثرا في ذلك لا موافقا ولا مخالفا ،  والدليل على أنه لا يرى لنفسه شريكا في الأمر أنه تعالى هو القائم على كل نفس بما كسبت ،  وبعبارة أخرى أن له الخلق والأمر وهو على كل شيء شهيد بالبرهان الذي لا سبيل للشك إليه ،  والآية بالجملة كقوله في موضع آخر :  {  قل أتنبؤن الله بما لا يعلم في السماوات ولا في الأرض } :  يونس :  18 .

ثم قال :  {  أم بظاهر من القول } أي بل أ تنبئونه بأن له شركاء بظاهر من القول من غير حقيقة وهذا كقوله :  {  إن هي إلا أسماء سميتموها أنتم وآباؤكم } :  النجم :  23 .

و عن بعضهم أن المراد بظاهر من القول ظاهر كتاب نازل من الله تسمى فيه الأصنام آلهة حقة وحاصل الآية نفي الدليل العقلي والسمعي معا على ألوهيتها وكونها شركاء لله سبحانه وهو بعيد من اللفظ .

و وجه الارتباط بين هذه الحجج الثلاث أنهم في عبادتهم الأصنام وجعلهم لله شركاء مترددون بين محاذير ثلاثة إما أن يقولوا بشركتها من غير حجة إذ ليس لها من الأوصاف ما يعلم به أنها شركاء لله ،  وإما أن يدعوا أن لها أوصافا كذلك هم يعلمونها ولا يعلم بها الله سبحانه ،  وإما أن يكونوا متظاهرين بالقول بشركتها من غير حقيقة وهم يغرون الله بذلك تعالى عن ذلك علوا كبيرا .

قال الزمخشري في الكشاف ،  :  وهذا الاحتجاج وأساليبه العجيبة التي ورد عليها مناد على نفسه بلسان طلق ذلق أنه ليس من كلام البشر لمن عرف وأنصف على نفسه انتهى كلامه .

قوله تعالى :  {  بل زين للذين كفروا مكرهم وصدوا عن السبيل ومن يضلل الله فما له من هاد } إضراب عن الحجج المذكورة ولوازمها والمعنى دع هذه الحجج فإنهم لا يجعلون له شركاء لشيء من هذه الوجوه بل مكر زينه لهم الشيطان وصدهم بذلك عن سبيل الله تعالى وذلك أنهم على علم بأنه لا حجة على شركتها وأن مجرد الدعوى لا ينفعهم لكنهم يريدون بترويج القول بألوهيتها وتوجيه قلوب العامة إليها عرض الدنيا وزينتها ،  ودعوتك إلى سبيل الله مانعة دون ذلك فهم في تصلبهم في عبادتها ودعوة الناس إليها والحث على الأخذ بها يمكرون بك من وجه وبالناس من وجه آخر وقد زين لهم هذا المكر وهو السبب في جعلهم إياها شركاء لا غير ذلك من حجة أو غيرها وصدوا بذلك عن السبيل .

فهم زين لهم المكر وصدوا به عن السبيل والذي زين لهم وصدهم هو الشيطان بإغوائهم ،  وأضلوا والذي أضلهم هو الله سبحانه بإمساك نعمة الهدى منهم ومن يضلل الله فما له من هاد ."
13,34,"قوله تعالى :  {  لهم عذاب في الحياة الدنيا ولعذاب الآخرة أشق وما لهم من الله من واق } أشق أفعل من المشقة وواق اسم فاعل من الوقاية بمعنى الحفظ .

و في الآية إيجاز القول فيما وعد الله الذين كفروا من العذاب في الآيات السابقة ،  وفي قوله :  {  و ما لهم من الله من واق } نفي الشفاعة وتأثيرها في حقهم أصلا ،  ومعنى الآية ظاهر ."
13,35,"قوله تعالى :  {  مثل الجنة التي وعد المتقون أكلها دائم وظلها تلك عقبى الذين اتقوا وعقبى الكافرين النار } المثل هو الوصف يمثل الشيء .

و في قوله :  {  مثل الجنة } إلخ بيان ما خص الله به المتقين من الوعد الجميل مقابلة لما أوعد به الذين كفروا وليكون تمهيدا لما يختم به القول من الإشارة إلى محصل سعي الفريقين في مسيرهم إلى ربهم ورجوعهم إليه وقد قابل الذين كفروا بالمتقين إشارة إلى أن الذين ينالون هذه العاقبة الحسنى هم الذين آمنوا وعملوا الصالحات دون المؤمنين من غير عمل صالح فإنهم مؤمنون بالله كافرون بآياته .

و من لطيف الإشارة في الكلام المقابلة بين المؤمنين والمشركين أولا بتعبير {  المتقون والذين كفروا } وأخيرا بقوله {  الذين اتقوا والكافرون } ولعل فيه تلويحا إلى أن الفعل الماضي والصفة هاهنا واحد مدلولا ومجموع أعمالهم في الدنيا مأخوذ عملا واحدا ،  ولازم ذلك أن يكون تحقق العمل وصدور الفعل مرة واحدة عين اتصافهم به مستمرا ،  ويفيد حينئذ قولنا :  {  الكافرون والمتقون } الدالان على ثبوت الاتصاف وقولنا :  {  الذين كفروا والذين اتقوا } الدالان على تحقق ما للفعل مفادا واحدا ،  وهو قصر الموصوف على صفته ،  وأما من تبدل عليه العمل كأن تحقق منه كفر أو تقوى ثم تبدل بغيره ولم يختتم له العمل بعد فهو خارج عن مساق الكلام فافهم ذلك .

و اعلم أن في الآيات السابقة وجوها مختلفة من الالتفات كقوله :  {  كذلك أرسلناك } ثم قوله :  {  بل لله الأمر } ثم قوله :  {  فأمليت للذين كفروا } ثم قوله {  و جعلوا لله شركاء } والوجه فيه غير خفي فالتعبير بمثل {  أرسلناك } للدلالة على أن هناك وسائط كملائكة الوحي مثلا .

و التعبير بمثل {  بل لله الأمر جميعا } للدلالة على رجوع كل أمر ذي وسط أو غير ذي وسط إلى مقام الألوهية القيوم على كل شيء ،  والتعبير بمثل {  فأمليت للذين كفروا ثم أخذتهم } للدلالة على أنه لا واسطة في الحقيقة يكون شريكا أو شفيعا كما يدعيه المشركون .

ثم قوله تعالى :  {  تلك عقبى الذين اتقوا وعقبى الكافرين النار } إشارة إلى خاتمة أمر الفريقين وعقباهما كما تقدم - وبه يختتم البحث في المؤمنين والمشركين من حيث آثار الحق والباطل في عقيدتهما وأعمالهما ،  فقد عرفت أن هذه الآيات التسع التي نحن فيها من تمام الآيات العشر السابقة المبتدئة بقوله :  {  أنزل من السماء ماء } الآية ."
13,36,"بيان

تتمة الآيات السابقة وتعقب قولهم :  {  لو لا أنزل عليه آية من ربه } .

قوله تعالى :  {  و الذين آتيناهم الكتاب يفرحون بما أنزل إليك } إلى آخر الآية .

الظاهر أن المراد بالذين أوتوا الكتاب اليهود والنصارى أو هم والمجوس فإن هذا هو المعهود من إطلاقات القرآن والسورة مكية وقد أثبت التاريخ أن اليهود ما كانوا يعاندون النبوة العربية في أوائل البعثة وقبلها ذاك العناد الذي ساقتهم إليه حوادث ما بعد الهجرة وقد دخل جمع منهم في الإسلام أوائل الهجرة وشهدوا على نبوة النبي ( صلى الله عليه وآله وسلم ) وكونه مبشرا به في كتبهم كما قال تعالى :  {  و شهد شاهد من بني إسرائيل على مثله فآمن واستكبرتم } :  الأحقاف :  10 .

و أنه كان من النصارى يومئذ قوم على الحق من غير أن يعاندوا دعوة الإسلام كقوم من نصارى الحبشة على ما نقل من قصة هجرة الحبشة وجمع من غيرهم ،  وقد قال تعالى في أمثالهم :  {  الذين آتيناهم الكتاب من قبله هم به يؤمنون } :  القصص :  52 وقال :  {  و من قوم موسى أمة يهدون بالحق وبه يعدلون } :  الأعراف :  159 وكذا كانت المجوس ينتظرون الفرج بظهور منج ينشر الحق والعدل وكانوا لا يعاندون الحق كما يعانده المشركون .

فالظاهر أن يكونوا هم المعنيون بالآية وخاصة المحقون من النصارى وهم القائلون بكون المسيح بشرا رسولا كالنجاشي وأصحابه ،  ويؤيده ما في ذيل الآية من قوله :  {  قل إنما أمرت أن أعبد الله ولا أشرك به إليه أدعوا } فإنه أنسب أن يخاطب به النصارى .

و قوله :  {  و من الأحزاب من ينكر بعضه } اللام للعهد أي ومن أحزاب أهل الكتاب من ينكر بعض ما أنزل إليك وهو ما دل منه على التوحيد ونفي التثليث وسائر ما يخالف ما عند أهل الكتاب من المعارف والأحكام المحرفة .

و قوله :  {  قل إنما أمرت أن أعبد الله ولا أشرك به } دليل على أن المراد من البعض الذي ينكرونه ما يرجع إلى التوحيد في العبادة أو الطاعة وقد أمره الله أن يخاطبهم بالموافقة عليه بقوله :  {  قل يا أهل الكتاب تعالوا إلى كلمة سواء بيننا وبينكم ألا نعبد إلا الله ولا نشرك به شيئا ولا يتخذ بعضنا أربابا من دون الله } :  آل عمران :  64 .

ثم تمم الكلام بقوله :  {  إليه أدعوا وإليه مآب } أي مرجعي فكان أول الكلام مفصحا عن بغيته في نفسه ولغيره ،  وآخره عن سيرته أي أمرت لأعبد الله وحده في عملي ودعوتي ،  وعلى ذلك أسير بين الناس فلا أدعو إلا إليه ولا أرجع في أمر من أموري إلا إليه فذيل الآية في معنى قوله :  {  قل هذه سبيلي أدعوا إلى الله على بصيرة أنا ومن اتبعني وسبحان الله وما أنا من المشركين } :  يوسف :  108 .

و يمكن أن يكون المراد بقوله :  {  و إليه مآب } المعاد ويفيد حينئذ فائدة التعليل أي إليه أدعوه وحده لأن مآبي إليه وحده .

و قد فسر بعضهم الكتاب في الآية بالقرآن والذين أوتوا الكتاب بأصحاب النبي ( صلى الله عليه وآله وسلم ) والأحزاب بالأعراب الذين تحزبوا على النبي ( صلى الله عليه وآله وسلم ) وأداروا عليه الدوائر من قريش وسائر القبائل .

و فيه أنه خلاف المعهود من إطلاق القرآن لفظة :  {  الذين أوتوا الكتاب } على أن ذلك يؤدي إلى كون الآية مشتملة على معنى مكرر .

و ربما ذكر بعضهم أن المراد بهم اليهود خاصة والكتاب هو التوراة والمراد بإنكار بعض أحزابهم بعض القرآن وهو ما لا يوافق أحكامهم المحرفة مع أن الجميع ينكرون ما لا يوافق ما عندهم إنكاره من غير فرح وأما الباقون فكانوا فرحين ومنكرين وقد أطالوا البحث عن ذلك .

و عن بعضهم :  أن المراد بالموصول عامة المسلمين ،  وبالأحزاب اليهود والنصارى والمجوس ،  وعن بعضهم أن تقدير قوله :  {  و إليه مآب } وإليه مآبي ومآبكم .  و هذه أقوال لا دليل من اللفظ على شيء منها ولا جدوى في إطالة البحث عنها ."
13,37,"قوله تعالى {  و كذلك أنزلناه حكما عربيا ولئن اتبعت أهواءهم بعد ما جاءك من العلم ما لك من الله من ولي ولا واق } الإشارة بقوله :  {  كذلك } إلى الكتاب المذكور في الآية السابقة وهو جنس الكتاب النازل على الأنبياء الماضين كالتوراة والإنجيل .

و المراد بالحكم هو القضاء والعزيمة فإن ذلك هو شأن الكتاب النازل من السماء المشتمل على الشريعة كما قال :  {  و أنزل معهم الكتاب بالحق ليحكم بين الناس فيما اختلفوا فيه } :  ( البقرة :  212  ) فالكتاب حكم إلهي بوجه وحاكم بين الناس بوجه ،  فهذا هو المراد بالحكم دون الحكمة كما قيل .

و قوله :  {  عربيا } صفة لحكم وإشارة إلى كون الكتاب بلسان عربي وهو لسانه ( صلى الله عليه وآله وسلم ) سنة الله التي قد خلت في عباده ،  قال تعالى :  {  و ما أرسلنا من رسول إلا بلسان قومه } ( إبراهيم :  4 ) وهذا - كما لا يخفى - من الشاهد على أن المراد بالمذكورين في الآية السابقة اليهود والنصارى ،  وأن هذه الآيات متعرضة لشأنهم كما كانت الآيات السابقة عليها متعرضة لشأن المشركين .

و على هذا فالمراد بقوله :  {  و لئن اتبعت أهواءهم } إلخ ،  النهي عن اتباع أهواء أهل الكتاب ،  وقد ذكر في القرآن من ذلك شيء كثير ،  وعمدة ذلك أنهم كانوا يقترحون على النبي ( صلى الله عليه وآله وسلم ) آية غير القرآن كما كان المشركون يقترحونها ،  وكانوا يطمعون أن يتبعهم فيما عندهم من الأحكام لإحالتهم النسخ في الأحكام ،  وهذان الأمران ولا سيما أولهما عمدة ما تتعرض له هذه الآيات .

و المعنى :  وكما أنزلنا على الذين أوتوا الكتاب كتابهم أنزلنا هذا القرآن عليك بلسانك مشتملا على حكم أو حاكما بين الناس ولئن اتبعت أهواء أهل الكتاب فتمنيت أن ينزل عليك آية غير القرآن كما يقترحون أو داهنتهم وملت إلى اتباع بعض ما عندهم من الأحكام المنسوخة أو المحرفة أخذناك بالعقوبة وليس لك ولي يلي أمرك من دون الله ولا واق يقيك منه فالخطاب للنبي ( صلى الله عليه وآله وسلم ) وهو المراد به دون الأمة كما ذكره بعضهم ."
13,38,"قوله تعالى :  {  و لقد أرسلنا رسلا من قبلك وجعلنا لهم أزواجا وذرية وما كان لرسول أن يأتي بآية إلا بإذن الله لكل أجل كتاب } لما نهى النبي ( صلى الله عليه وآله وسلم ) عن اتباع أهوائهم فيما اقترحوا عليه من إنزال آية غير القرآن ذكره بحقيقة الحال التي تؤيسه من الطمع في ذلك ويعزم عليه أن يتوكل على الله ويرجع إليه الأمور .

و هو أن سنة الله الجارية في الرسل أن يكونوا بشرا جارين على السنة المألوفة بين الناس من غير أن يتعدوها فيملكوا شيئا مما يختص بالغيب كأن يكونوا ذا قوة غيبية فعالة لما تشاء قديرة على كل ما أرادت أو أريد منها حتى تأتي بكل آية شاءت إلا أن يأذن الله له فليس للرسول وهو بشر كسائرهم من الأمر شيء بل لله الأمر جميعا .

فهو الذي ينزل الآية إن شاء غير أنه سبحانه إنما ينزل من الآيات إذا اقتضته الحكمة الإلهية وليست الأوقات مشتركة متساوية في الحكم والمصالح وإلا لبطلت الحكمة واختل نظام الخليقة بل لكل وقت حكمة تناسبه وحكم يناسبه فلكل وقت آية تخصه .

و هذا هو الذي تشير إليه الآية فقوله :  {  و لقد أرسلنا رسلا من قبلك وجعلنا لهم أزواجا وذرية } إشارة إلى السنة الجارية في الرسل من البشرية العادية ،  وقوله :  {  و ما كان لرسول أن يأتي بآية إلا بإذن الله } إشارة إلى حرمانهم من القدرة الغيبية المستقلة بكل ما أرادت إلا أن يمدهم الإذن الإلهي .

و قوله :  {  لكل أجل } أي وقت محدود {  كتاب } أي حكم مقضي مكتوب يخصه إشارة إلى ما يلوح إليه استثناء الإذن وسنة الله الجارية فيه ،  والتقدير فالله سبحانه هو الذي ينزل ما شاء ويأذن فيما شاء لكنه لا ينزل ولا يأذن في كل آية في كل وقت ،  فإن لكل وقت كتابا كتبه لا يجري فيه إلا ما فيه .

و مما تقدم يظهر أن ما ذكره بعضهم أن قوله :  {  لكل أجل كتاب } من باب القلب وأصله :  لكل كتاب أجل أي إن لكل كتاب منزل من عند الله وقتا مخصوصا ينزل فيه ويعمل عليه فللتوراة وقت وللإنجيل وقت وللقرآن وقت .  وجه لا يعبأ به ."
13,39,"قوله تعالى :  {  يمحوا الله ما يشاء ويثبت وعنده أم الكتاب } محو الشيء هو إذهاب رسمه وأثره يقال :  محوت الكتاب إذا أذهبت ما فيه من الخطوط والرسوم قال تعالى :  {  و يمح الله الباطل ويحق الحق بكلماته } :  الشورى :  24 أي يذهب بآثار الباطل كما قال :  {  فأما الزبد فيذهب جفاء } وقال :  {  و جعلنا الليل والنهار آيتين فمحونا آية الليل وجعلنا آية النهار مبصرة } :  أسرى :  12 أي أذهبنا أثر الإبصار من الليل فالمحو قريب المعنى من النسخ يقال :  نسخت الشمس الظل أي ذهبت بأثره ورسمه .

و قد قوبل المحو في الآية بالإثبات وهو إقرار الشيء في مستقره بحيث لا يتحرك ولا يضطرب يقال :  أثبت الوتد في الأرض إذا ركزته فيها بحيث لا يتحرك ولا يخرج من مركزه فالمحو هو إزالة الشيء بعد ثبوته برسمه ويكثر استعماله في الكتاب .

و وقوع قوله :  {  يمحوا الله ما يشاء ويثبت } بعد قوله :  {  لكل أجل كتاب } واتصاله به من جانب وبقوله :  {  و عنده أم الكتاب } من جانب ظاهر في أن المراد محو الكتب وإثباتها في الأوقات والآجال فالكتاب الذي أثبته الله في الأجل الأول إن شاء محاه في الأجل الثاني وأثبت كتابا آخر فلا يزال يمحى كتاب ويثبت كتاب آخر .

و إذا اعتبرنا ما في الكتاب من آية وكل شيء آية صح أن يقال لا يزال يمحو آية ويثبت آية كما يشير إليه قوله :  {  ما ننسخ من آية أو ننسها نأت بخير منها أو مثلها } :  البقرة :  106 ،  وقوله :  {  و إذا بدلنا آية مكان آية } الآية :  النحل :  101 .

فقوله :  {  يمحوا الله ما يشاء ويثبت } على ما فيه من الإطلاق يفيد فائدة التعليل لقوله :  {  لكل أجل كتاب } والمعنى أن لكل وقت كتابا يخصه فيختلف فاختلاف الكتب باختلاف الأوقات والآجال إنما ظهر من ناحية اختلاف التصرف الإلهي بمشيته لا من جهة اختلافها في أنفسها ومن ذواتها بأن يتعين لكل أجل كتاب في نفسه لا يتغير عن وجهه بل الله سبحانه هو الذي يعين ذلك بتبديل كتاب مكان كتاب ومحو كتاب وإثبات آخر .

و قوله :  {  و عنده أم الكتاب } أي أصله فإن الأم هي الأصل الذي ينشأ منه الشيء ويرجع إليه ،  وهو دفع للدخل وإبانة لحقيقة الأمر فإن اختلاف حال الكتاب المكتوب لأجل بالمحو والإثبات أي تغير الحكم المكتوب والقول المقضي به حينا بعد حين ربما أوهم أن الأمور والقضايا ليس لها عند الله سبحانه صورة ثابتة وإنما يتبع حكمه العلل والعوامل الموجبة له من خارج كأحكامنا وقضايانا معاشر ذوي الشعور من الخلق أو أن حكمه جزافي لا تعين له في نفسه ولا مؤثر في تعينه من خارج كما ربما يتوهم أرباب العقول البسيطة أن الذي له ملك - بكسر اللام - مطلق وسلطنة مطلقة له أن يريد ما يشاء ويفعل ما يريد على حرية مطلقة من رعاية أي قيد وشرط وسلوك أي نظام أو لا نظام في عمله فلا صورة ثابتة لشيء من أفعاله وقضاياه عنده ،  وقد قال تعالى :  {  ما يبدل القول لدي } :  ق :  29 ،  وقال :  {  و كل شيء عنده بمقدار } :  الرعد :  8 إلى غير ذلك من الآيات .

فدفع هذا الدخل بقوله :  {  و عنده أم الكتاب } أي أصل جنس الكتاب ،  والأمر الثابت الذي يرجع إليه هذه الكتب التي تمحى وتثبت بحسب الأوقات والآجال ،  ولو كان هو نفسه تقبل المحو والإثبات لكان مثلها لا أصلا لها ولو لم يكن من أصله كان المحو والإثبات في أفعاله تعالى إما تابعا لأمور خارجة تستوجب ذلك فكان تعالى مقهورا مغلوبا للعوامل والأسباب الخارجية مثلنا والله يحكم لا معقب لحكمه .

و إما غير تابع لشيء أصلا وهو الجزاف الذي يختل به نظام الخلقة والتدبير العام الواحد بربط الأشياء بعضها ببعض جلت عنه ساحته ،  قال تعالى :  {  و ما خلقنا السماوات والأرض وما بينهما لاعبين ما خلقناهما إلا بالحق } :  الدخان :  39 .

فالملخص من مضمون الآية أن لله سبحانه في كل وقت وأجل كتابا أي حكما وقضاء وأنه يمحو ما يشاء من هذه الكتب والأحكام والأقضية ويثبت ما يشاء أي يغير القضاء الثابت في وقت فيضع في الوقت الثاني مكانه قضاء آخر ،  لكن عنده بالنسبة إلى كل وقت قضاء لا يتغير ولا يقبل المحو والإثبات وهو الأصل الذي يرجع إليه الأقضية الآخر وتنشأ منه فيمحو ويثبت على حسب ما يقتضيه هو .

و يتبين بالآية أولا :  أن حكم المحو والإثبات عام لجميع الحوادث التي تداخله الآجال والأوقات وهو جميع ما في السماوات والأرض وما بينهما ،  قال تعالى :  {  ما خلقنا السماوات والأرض وما بينهما إلا بالحق وأجل مسمى } :  الأحقاف :  3 .

و ذلك لإطلاق قوله :  {  يمحوا الله ما يشاء ويثبت } واختصاص المورد بآيات النبوة لا يوجب تخصيص الآية لأن المورد لا يخصص .

و بذلك يظهر فساد قول بعضهم :  إن ذلك في الأحكام وهو النسخ وقول ثان :  إن ذلك في المباحات المثبتة في صحائف الأعمال يمحوها الله ويثبت مكانها طاعة أو معصية مما فيه الجزاء ،  وقول ثالث :  إنه محو ذنوب المؤمنين فضلا وإثبات ذنوب للكفار عقوبة ،  وقول رابع :  إنه في موارد يؤثر فيها الدعاء والصدقة في المحن والمصائب وضيق المعيشة ونحوها ،  وقول خامس :  إن المحو إزالة الذنوب بالتوبة والإثبات تبديل السيئات حسنات ،  وقول سادس :  إنه محو ما شاء الله من القرون والإثبات إنشاء قرون آخرين بعدهم ،  وقول سابع :  إنه محو القمر وإثبات الشمس وهو محو آية الليل وجعل آية النهار مبصرة ،  وقول ثامن :  إنه محو الدنيا وإثبات الآخرة ،  وقول تاسع :  إن ذلك في الأرواح حالة النوم يقبضها الله فيرسل من يشاء منهم ويمسك من يشاء ،  وقول عاشر :  إن ذلك في الآجال المكتوبة في ليلة القدر يمحو الله ما يشاء منها ويثبت ما يشاء .

فهذه وأمثالها أقوال لا دليل على تخصيص الآية الكريمة بها من جهة اللفظ البتة وللآية إطلاق لا ريب فيه ثم المشاهدة الضرورية تطابقه فإن ناموس التغير جار في جميع أرجاء العالم المشهود ،  وما من شيء قيس إلى زمانين في وجوده إلا لاح التغير في ذاته وصفاته وأعماله ،  وفي عين الحال إذا اعتبرت في نفسها وبحسب وقوعها وجدت ثابتة غير متغيرة فإن الشيء لا يتغير عما وقع عليه .

فللأشياء المشهودة جهتان جهة تغير يستتبع الموت والحياة والزوال والبقاء وأنواع الحيلولة والتبدل ،  وجهة ثبات لا تتغير عما هي عليها وهما إما نفس كتاب المحو والإثبات وأم الكتاب ،  وإما أمران مترتبان على الكتابين وعلى أي حال تقبل الآية الصدق على هاتين الجهتين .

و ثانيا :  أن لله سبحانه في كل شيء قضاء ثابتا لا يتغير وبه يظهر فساد ما ذكره بعضهم أن كل قضاء يقبل التغيير واستدل عليه بمتفرقات الروايات والأدعية الدالة على ذلك والآيات والأخبار الدالة على أن الدعاء والصدقة يدفعان سوء القضاء .  و فيه أن ذلك في القضاء غير المحتوم .

و ثالثا :  أن القضاء ينقسم إلى قضاء متغير وغير متغير وستستوفي تتمة البحث في الآية عن قريب إن شاء الله تعالى .

بحث روائي

في الدر المنثور ،  أخرج ابن أبي شيبة وابن جرير وابن المنذر وابن أبي حاتم عن مجاهد قال :  قالت قريش حين أنزل :  {  و ما كان لرسول أن يأتي بآية إلا بإذن الله } :  ما نراك يا محمد تملك من شيء ولقد فرغ من الأمر فأنزلت هذه الآية تخويفا لهم ووعيدا لهم {  يمحوا الله ما يشاء ويثبت } إنا إن شئنا أحدثنا له من أمرنا ما شئنا .

أقول :  والآية كما تقدم بيانه أجنبية عن هذا المعنى ،  وفي ذيل هذا الحديث ويحدث الله في كل رمضان فيمحو الله ما يشاء ويثبت من أرزاق الناس ومصائبهم وما يعطيهم وما يقسم لهم ،  وفي رواية أخرى عن جابر عن النبي ( صلى الله عليه وآله وسلم ) :  في الآية :  قال :  يمحو من الرزق ويزيد فيه ،  ويمحو من الأجل ويزيد فيه .  و هذا من قبيل التمثيل والآية أعم .

و فيه ،  أخرج ابن مردويه عن ابن عباس :  أن النبي ( صلى الله عليه وآله وسلم ) سئل عن قوله :  {  يمحوا الله ما يشاء ويثبت } قال :  ذلك كل ليلة القدر يرفع ويخفض ويرزق غير الحياة والموت والشقاوة والسعادة فإن ذلك لا يزول .

أقول :  والرواية على معارضتها الروايات الكثيرة جدا المأثورة عن النبي ( صلى الله عليه وآله وسلم ) وأئمة أهل البيت ( عليهم السلام ) والصحابة تخالف إطلاق الآية وحجة العقل ،  ومثلها ما عن ابن عمر عن النبي ( صلى الله عليه وآله وسلم ) :  يمحو الله ما يشاء ويثبت إلا الشقوة والسعادة والحياة والموت .

وفيه ،  أخرج ابن مردويه وابن عساكر عن علي :  أنه سأل رسول الله ( صلى الله عليه وآله وسلم ) عن هذه الآية فقال له :  لأقرن عينيك بتفسيرها ولأقرن عين أمتي بعدي بتفسيرها .  الصدقة على وجهها وبر الوالدين واصطناع المعروف يحول الشقاء سعادة ويزيد في العمر ويقي مصارع السوء .

أقول :  والرواية لا تزيد على ذكر بعض مصاديق الآية .

و في الكافي ،  بإسناده عن هشام بن سالم وحفص بن البختري وغيرهما عن أبي عبد الله ( عليه السلام ) :  في هذه الآية :  {  يمحوا الله ما يشاء ويثبت } قال :  فقال :  وهل يمحى إلا ما كان ثابتا ؟  وهل يثبت إلا ما لم يكن ؟  :

أقول :  ورواه العياشي في تفسيره عن جميل عنه ( عليه السلام ) .

و في تفسير العياشي ،  عن الفضيل بن يسار قال .  سمعت أبا جعفر ( عليه السلام ) يقول :  من الأمور أمور محتومة كائنة لا محالة ومن الأمور أمور موقوفة عند الله يقدم فيها ما يشاء ويمحو ما يشاء ويثبت منها ما يشاء لم يطلع على ذلك أحدا يعني الموقوفة فأما ما جاءت به الرسل فهي كائنة لا يكذب نفسه ولا نبيه ولا ملائكته .

أقول :  وروي بطريق آخر وكذا في الكافي بإسناده عن الفضيل عنه ( عليه السلام ) ما في معناه .

و فيه ،  عن زرارة عن أبي جعفر ( عليه السلام ) قال :  كان علي بن الحسين ( عليهما السلام ) يقول :  لو لا آية في كتاب الله لحدثتكم بما كان وبما يكون إلى يوم القيامة فقلت له .  أية آية ؟  فقال :  قال الله :  {  يمحوا الله ما يشاء ويثبت وعنده أم الكتاب } .

أقول :  معناه أن اللائح من الآية أن الله سبحانه لا يريد من خلقه إلا أن يعيشوا على جهل بالحوادث المستقبلة ليقوموا بواجب حياتهم بهداية من الأسباب العادية وسياقة من الخوف والرجاء ،  وظهور الحوادث المستقبلة تمام ظهورها يفسد هذه الغاية الإلهية فهو سبب الكف عن التحديث لا الخوف من أن يكذبه الله بالبداء فإنه مأمون منه فلا تعارض بين الرواية وما قبلها .

و فيه ،  عن الفضيل بن يسار عن أبي عبد الله ( عليه السلام ) قال :  إن الله تبارك وتعالى كتب كتابا فيه ما كان وما هو كائن فوضعه بين يديه فما شاء منه قدم وما شاء منه أخر وما شاء منه محى وما شاء منه كان وما لم يشأ لم يكن .

و فيه ،  عن ابن سنان عن أبي عبد الله ( عليه السلام ) يقول :  إن الله يقدم ما يشاء ويؤخر ما يشاء ويمحو ما يشاء ويثبت ما يشاء وعنده أم الكتاب ،  وقال :  كل أمر يريده الله فهو في علمه قبل أن يضعه ،  وليس شيء يبدو له إلا وقد كان في علمه أن الله لا يبدو له من جهل .

أقول :  والروايات في البداء عنهم ( عليهم السلام ) متكاثرة مستفيضة فلا يعبأ بما نقل عن بعضهم أنه خبر واحد .

و الرواية كما ترى تنفي البداء بمعنى علمه تعالى ثانيا بما كان جاهلا به أولا بمعنى تغير علمه في ذاته كما ربما يتفق فينا تعالى عن ذلك ،  وإنما هو ظهور أمر منه تعالى ثانيا بعد ما كان الظاهر منه خلافه أولا فهو محو الأول وإثبات الثاني والله سبحانه عالم بهما جميعا .

و هذا مما لا يسع لذي لب إنكاره فإن للأمور والحوادث وجودا بحسب ما تقتضيه أسبابها الناقصة من علة أو شرط أو مانع ربما تخلف عنه ،  ووجودا بحسب ما تقتضيه أسبابها وعللها التامة وهو ثابت غير موقوف ولا متخلف ،  والكتابان أعني كتاب المحو والإثبات وأم الكتاب إما أن يكونا أمرين تتبعهما هاتان المرحلتان من وجود الأشياء اللتان إحداهما تقبل المحو والإثبات والأخرى لا تقبل إلا الثبات .

و إما أن يكونا عين تينك المرحلتين ،  وعلى أي حال ظهور أمر أو إرادة منه تعالى بعد ما كان الظاهر خلافه واضح لا ينبغي الشك فيه .

و الذي أحسب أن النزاع في ثبوت البداء كما يظهر من أحاديث أئمة أهل البيت ( عليهم السلام ) ونفيه كما يظهر من غيرهم نزاع لفظي ولهذا لم نعقد لهذا البحث فصلا مستقلا على ما هو دأب الكتاب ومن الدليل على كون النزاع لفظيا استدلالهم على نفي البداء عنه تعالى بأنه يستلزم التغير في علمه مع أنه لازم البداء بالمعنى الذي يفسر به البداء فينا لا البداء بالمعنى الذي يفسره به الأخبار فيه تعالى .

و في الدر المنثور ،  أخرج الحاكم عن أبي الدرداء :  أن رسول الله ( صلى الله عليه وآله وسلم ) قرأ {  يمحوا الله ما يشاء ويثبت } مخففة .

و فيه ،  أخرج ابن مردويه عن أبي هريرة قال :  قال رسول الله ( صلى الله عليه وآله وسلم ) :  في قوله :  {  ننقصها من أطرافها } قال :  ذهاب العلماء .

و في المجمع ،  عن أبي عبد الله ( عليه السلام ) :  ننقصها بذهاب علمائها وفقهائها وأخيارها ."
13,40,"قوله تعالى :  {  و إن ما نرينك بعض الذي نعدهم أو نتوفينك فإنما عليك البلاغ وعلينا الحساب }  "" إن ما ""  هو إن الشرطية وما الزائدة للتأكيد والدليل عليه دخول نون التأكيد في الفعل بعده .

و في الآية إيضاح لما للنبي ( صلى الله عليه وآله وسلم ) من الوظيفة وهو الاشتغال بأمر الإنذار والتبليغ فحسب فلا ينبغي له أن يتبع أهواءهم في نزول آية عليه كما اقترحوا حتى أنه لا ينبغي له أن ينتظر نتيجة بلاغه أو حلول ما أوعدهم الله من العذاب بهم .

و في الآية دلالة على أن الحساب الإلهي يجري في الدنيا كما يجري في الآخرة ."
13,41,"قوله تعالى :  {  أولم يروا أنا نأتي الأرض ننقصها من أطرافها } إلخ كلام مسوق للعبرة بعد ما قدم إليهم الوعيد بالهلاك ،  ومنه يعلم أن إتيان الأرض ونقصها من أطرافها كناية عن نقص أهلها بالإماتة والإهلاك فالآية نظيرة قوله :  {  بل متعنا هؤلاء وآباءهم حتى طال عليهم العمر أ فلا يرون أنا نأتي الأرض ننقصها من أطرافها أ فهم الغالبون } :  الأنبياء :  44 .

و قول بعضهم إن المراد به أ ولم ير أهل مكة أنا نأتي أرضهم فننقصها من أطرافها بفتح القرى واحدة بعد واحدة للمسلمين ،  فليخافوا أن نفتح بلدتهم وننتقم منهم ،  يدفعه أن السورة مكية وتلك الفتوحات إنما كانت تقع بعد الهجرة ،  على أن الآيات بوعيدها ناظرة إلى هلاكهم بغزوة بدر وغيرها لا إلى فتح مكة .

و قوله :  {  و الله يحكم لا معقب لحكمه وهو سريع الحساب } يريد به أن الغلبة لله سبحانه فإنه يحكم وليس قبال حكمه أحد يعقبه ليغلبه بالمنع والرد وهو سبحانه يحاسب كل عمل بمجرد وقوعه بلا مهلة حتى يتصرف فيه غيره بالإخلال فقوله :  {  و الله يحكم } إلخ في معنى قوله في ذيل آية سورة الأنبياء المتقدمة :  {  أفهم الغالبون } .

بحث روائي

و في الكافي ،  بإسناده عن محمد بن علي عمن ذكره عن جابر عن أبي جعفر ( عليه السلام ) قال :  كان علي بن الحسين ( عليهما السلام ) يقول :  إنه ليسخي نفسي في سرعة الموت أو القتل فينا قول الله عز وجل :  {  أ ولم يروا أنا نأتي الأرض ننقصها من أطرافها } فقال :  فقد العلماء .

أقول :  كأن المراد أنه يسخي نفسي أن الله تعالى نسب توفي العلماء إلى نفسه لا إلى غيره فيهنأ لي الموت أو القتل ."
13,42,"قوله تعالى :  {  و قد مكر الذين من قبلهم فلله المكر جميعا } إلى آخر الآية .

أي وقد مكر الذين من قبلهم فلم ينفعهم مكرهم ولم يقدروا على صدنا من أن نأتي الأرض فننقصها من أطرافها فالله سبحانه يملك المكر كله ويبطله ويرده إلى أهله فليعتبروا .

و قوله :  {  يعلم ما تكسب كل نفس } في مقام التعليل لملكه تعالى كل مكر فإن المكر إنما يتم مع جهل الممكور به وأما إذا علم به فعنده بطلانه .

و قوله :  {  و سيعلم الكفار لمن عقبى الدار } قطع للحجاج بدعوى أن مسألة انتهاء الأمور إلى عواقبها من الأمور الضرورية العينية لا تتخلف عن الوقوع وسيشهدونها شهود عيان فلا حاجة إلى الإطالة والإطناب في إعلامهم ذلك فسيعلمون ."
13,43,"بيان

الآية خاتمة السورة وتعطف الكلام على ما في مفتتحها من قوله :  {  و الذي أنزل إليك من ربك الحق ولكن أكثر الناس لا يؤمنون } وهي كرة ثالثة على منكري حقية كتاب الله يستشهد فيها بأن الله يشهد على الرسالة ومن حصل له العلم بهذا الكتاب يشهد بها .

قوله تعالى :  {  و يقول الذين كفروا لست مرسلا } إلخ بناء الكلام في السورة على إنكارهم حقية الكتاب وعدم عدهم إياه آية إلهية للرسالة ولذا كانوا يقترحون آية غيره كما حكاه الله تعالى في خلال الآيات مرة بعد مرة وأجاب عنه بما يرد عليهم قولهم فكأنهم لما يئسوا مما اقترحوا أنكروا أصل الرسالة لعدم إذعانهم بما أنزل الله من آية وعدم إجابتهم فيما اقترحوه من آية فكانوا يقولون :  {  لست مرسلا } .

فلقن الله نبيه ( صلى الله عليه وآله وسلم ) الحجة عليهم لرسالته بقوله :  {  قل كفى بالله شهيدا بيني وبينكم ومن عنده علم الكتاب } وهو حجة قاطعة وليس بكلام خطابي ولا إحالة إلى ما لا طريق إلى حصول العلم به .

فقوله :  {  قل كفى بالله شهيدا بيني وبينكم } استشهاد بالله سبحانه وهو ولي أمر الإرسال وإنما هي شهادة تأدية لا شهادة تحمل فقط فإن أمثال قوله تعالى :  {  إنك لمن المرسلين على صراط مستقيم } من آيات القرآن وكونه آية معجزة من الله ضروري ،  وكونه قولا وكلاما له سبحانه ضروري واشتماله على تصديق الرسالة بدلالة المطابقة المعتمدة على علم ضروري أيضا ضروري ،  ولا نعني بشهادة التأدية إلا ذلك .

و من فسر شهادته تعالى من المفسرين بأنه تعالى قد أظهر على رسالتي من الأدلة والحجج ما فيه غنى عن شهادة شاهد آخر ثم قال :  وتسمية ذلك شهادة مع أنه فعل وهي قول من المجاز حيث إنه يغني غناها بل هو أقوى منها .  انتهى .  فقد قصد المطلوب من غير طريقه .

و ذلك أن الأدلة والحجج الدالة على حقية رسالته ( صلى الله عليه وآله وسلم ) إما القرآن وهو الآية المعجزة الخالدة ،  وإما غيره من الخوارق والمعجزات وآيات السورة - كما ترى - لا تجيب الكفار على ما اقترحوه من هذا القسم الثاني ولا معنى حينئذ للاستشهاد بما لم يجابوا عليه ،  وأما القرآن فمن البين أن الاستناد إليه من جهة أنه معجزة تصدق الرسالة بدلالتها عليها أي كلام له تعالى يشهد بالرسالة ،  وإذا كان كذلك فما معنى العدول عن كونه كلاما له تعالى يدل على حقية الرسالة أي شهادة لفظية منه تعالى على ذلك بحقيقة معنى الشهادة إلى كونه دليلا فعليا منه عليها سمي مجازا بالشهادة ؟  .

على أن كون فعله تعالى أقوى دلالة على ذلك من قوله ممنوع .

فقد تحصل أن معنى قوله :  {  الله شهيد بيني وبينكم } أن ما وقع في القرآن من تصديق الرسالة شهادة إلهية بذلك .

و أما جعل الشهادة شهادة تحمل ففيه إفساد المعنى من أصله وأي معنى لإرجاع أمر متنازع فيه إلى علم الله واتخاذ ذلك حجة على الخصم ولا سبيل له إلى ما في علم الله في أمره ؟  أ هو كما يقول أو فرية يفتريها على الله ؟  .

و قوله :  {  و من عنده علم الكتاب } أي وكفى بمن عنده علم الكتاب شهيدا بيني وبينكم ،  وقد ذكر بعضهم أن المراد بالكتاب اللوح المحفوظ ويتعين على هذا أن يكون المراد بالموصول هو الله سبحانه فكأنه قيل :  كفى بالله الذي عنده علم الكتاب شهيدا  "" إلخ ""  .

و فيه أولا أنه خلاف ظاهر العطف ،  وثانيا أنه من عطف الذات مع صفته إلى نفس الذات وهو قبيح غير جائز في الفصيح ولذلك ترى الزمخشري لما نقل في الكشاف ،  هذا القول عن الحسن بقوله :  وعن الحسن :  {  لا والله ما يعني إلا الله } قال بعده :  والمعنى كفى بالذي يستحق العبادة وبالذي لا يعلم علم ما في اللوح إلا هو شهيدا بيني وبينكم .  انتهى فاحتال إلى تصحيحه بتبديل لفظة الجلالة {  الله } من {  الذي يستحق العبادة } وتبديل  "" من ""  من  "" الذي ""  ليعود المعطوف والمعطوف عليه وصفين فيكون في معنى عطف أحد وصفي الذات على الآخر وإناطة الحكم بالذات بما له من الوصفين كدخالتهما فيه فافهم ذلك .

لكن من المعلوم أن تبديل لفظ من لفظ يستقيم إفادته لمعنى لا يوجب استقامة ذلك في اللفظ الأول وإلا لبطلت أحكام الألفاظ .

على أن التأمل فيما تقدم في معنى هذه الشهادة وأن المراد به تصديق القرآن لرسالة النبي ( صلى الله عليه وآله وسلم ) يعطي أن وضع لفظة الجلالة في هذا الموضع لا للتلميح إلى معناه الوصفي بل لإسناده الشهادة إلى الذات المقدسة المستجمعة لجميع صفات الكمال لأن شهادته أكبر الشهادات قال سبحانه :  {  قل أي شيء أكبر شهادة قل الله شهيد بيني وبينكم } .

و ذكر آخرون :  أن المراد بالكتاب التوراة والإنجيل أو خصوص التوراة والمعنى وكفى بعلماء الكتاب شهداء بيني وبينكم لأنهم يعلمون بما بشر الله به الأنبياء فيه ويقرءون نعتي في الكتاب .

و فيه أن الذي أخذ في الآية هو الشهادة دون مجرد العلم ،  والسورة مكية ولم يؤمن أحد من علماء أهل الكتاب يومئذ كما قيل ولا شهد للرسالة بشيء فلا معنى للاحتجاج بالاستناد إلى شهادة لم يقم بها أحد بعد .

و قيل :  المراد القوم الذين أسلموا من علماء أهل الكتاب كعبد الله بن سلام وتميم الداري والجارود وسلمان الفارسي ،  وقيل هو عبد الله بن سلام ،  ورد بأن السورة مكية وهؤلاء إنما أسلموا بالمدينة .

و للقائلين بأنه عبد الله بن سلام جهد بليغ في الدفاع عنه فقال بعضهم :  إن مكية السورة لا تنافي كون بعض آياتها مدنية فلم لا يجوز أن تكون هذه الآية مدنية مع كون السورة مكية .

و فيه أولا :  أن مجرد الجواز لا يثبت ذلك ما لم يكن هناك نقل صحيح قابل للتعويل عليه .  على أن الجمهور نصوا على أنها مكية كما نقل عن البحر .

و ثانيا :  أن ذلك إنما هو في بعض الآيات الموضوعة في خلال آيات السور النازلة وأما في مثل هذه الآية التي هي ختام ناظرة إلى ما افتتحت به السورة فلا إذ لا معنى لإرجاء بعض الكلام المرتبط الأجزاء إلى أمد غير محدود .

و قال بعضهم :  إن كون الآية مكية لا ينافي أن يكون الكلام إخبارا عما سيشهد به .

و فيه أن ذلك يوجب رداءة الحجة وسقوطها فأي معنى لأن يحتج على قوم يقولون :  {  لست مرسلا } فيقال :  صدقوا به اليوم لأن بعض علماء أهل الكتاب سوف يشهدون به .

و قال بعضهم :  إن هذه الشهادة شهادة تحمل لا يستلزم إيمان الشهيد حين الشهادة فيجوز أن تكون الآية مكية والمراد بها عبد الله بن سلام أو غيره من علماء اليهود والنصارى وإن لم يؤمنوا حين نزول الآية .

و فيه أن المعنى حينئذ يعود إلى الاحتجاج بعلم علماء أهل الكتاب وإن لم يعترفوا به ولم يؤمنوا ،  ولو كان كذلك لكان المتعين أن يستشهد بعلم الذين كفروا أنفسهم فإن الحجة كانت قد تمت عليهم بكون القرآن كلام الله ولا يكون ذلك إلا عن علمهم به فما الموجب للعدول عنهم إلى غيرهم وهم مشتركون في الكفر بالرسالة ونفيها على أنه تقدم أن الشهادة في الآية ليست إلا شهادة أداء دون التحمل .

و قال بعضهم :  - وهو ابن تيمية وقد أغرب - أن الآية مدنية بالاتفاق .

و هو كما ترى .

و ذكر بعضهم :  أن المراد بالكتاب القرآن الكريم ،  والمعنى أن من تحمل هذا الكتاب وتحقق بعلمه واختص به فإنه يشهد على أنه من عند الله وأني مرسل به فيعود مختتم السورة إلى مفتتحها من قوله :  {  تلك آيات الكتاب والذي أنزل إليك من ربك الحق ولكن أكثر الناس لا يؤمنون } وينعطف آخرها على أولها وعلى ما في أواسطها من قوله :  {  أفمن يعلم أن ما أنزل إليك من ربك الحق كمن هو أعمى إنما يتذكر أولوا الألباب } .

و هذا في الحقيقة انتصار وتأييد منه تعالى لكتابه قبال ما أزرى به واستهانه الذين كفروا حيث قالوا :  {  لو لا أنزل عليه آية من ربه } مرة بعد مرة و{  لست مرسلا } فلم يعبئوا بأمره ولم يبالوا به وأجاب الله عن قولهم مرة بعد مرة ولم يتعرض لأمر القرآن ولم يذكر أنه أعظم آية للرسالة وكان من الواجب ذلك فقوله :  {  قل كفى بالله شهيدا بيني وبينكم ومن عنده علم الكتاب } استيفاء لهذا الغرض الواجب الذي لا يتم البيان دونه وهذا من أحسن الشواهد على ما تقدم أن الآية كسائر السورة مكية .

و بهذا يتأيد ما ذكره جمع ووردت به الروايات من طرق أئمة أهل البيت ( عليهم السلام ) أن الآية نزلت في علي ( عليه السلام ) فلو انطبق قوله :  {  و من عنده علم الكتاب } على أحد ممن آمن بالنبي ( صلى الله عليه وآله وسلم ) يومئذ لكان هو فقد كان أعلم الأمة بكتاب الله وتكاثرت الروايات الصحيحة على ذلك ولو لم يرد فيه إلا قوله ( صلى الله عليه وآله وسلم ) في حديث الثقلين المتواتر من طرق الفريق :  {  لن يفترقا حتى يردا علي الحوض } لكان فيه كفاية .

بحث روائي

في البصائر ،  بإسناده عن أبي حمزة الثمالي عن أبي جعفر ( عليه السلام ) يقول :  في الآية :  علي ( عليه السلام ) :  .  أقول :  ورواه أيضا بأسانيد عن جابر وبريد بن معاوية وفضيل بن يسار عن أبي جعفر ( عليه السلام ) وبإسناده عن عبد الله بن بكير وعبد الله بن كثير الهاشمي عن أبي عبد الله ( عليه السلام ) وبإسناده عن سلمان الفارسي عن علي ( عليه السلام ) .

و في الكافي ،  بإسناده عن بريد بن معاوية :  في الآية قال :  إيانا عنى وعلي أولنا وأفضلنا وخيرنا بعد النبي ( صلى الله عليه وآله وسلم ) .

و في المعاني ،  بإسناده عن خلف بن عطية العوفي عن أبي سعيد الخدري قال :  سألت رسول الله ( صلى الله عليه وآله وسلم ) عن قول الله جل ثناؤه :  {  قال الذي عنده علم من الكتاب } قال :  ذاك وصي أخي سليمان بن داود فقلت له :  يا رسول الله فقول الله :  {  قل كفى بالله شهيدا بيني وبينكم ومن عنده علم الكتاب } قال ذاك أخي علي بن أبي طالب .

و في تفسير العياشي ،  عن عبد الله بن عطاء قال :  قلت لأبي جعفر ( عليه السلام ) :  هذا ابن عبد الله بن سلام بن عمران يزعم أن أباه الذي يقول الله :  {  قل كفى بالله شهيدا بيني وبينكم - ومن عنده علم الكتاب } قال :  كذب ،  هو علي بن أبي طالب .

و في تفسير البرهان ،  عن ابن شهرآشوب قال :  عن محمد بن مسلم وأبي حمزة الثمالي وجابر بن يزيد عن أبي جعفر ( عليه السلام ) وعلي بن فضال وفضيل بن داود عن أبي بصير عن الصادق ( عليه السلام ) وأحمد بن محمد الكلبي ومحمد بن الفضيل عن الرضا ( عليه السلام ) وقد روي عن موسى بن جعفر ( عليه السلام ) وعن زيد بن علي وعن محمد بن الحنفية وعن سلمان الفارسي وعن أبي سعيد الخدري وإسماعيل السدي أنهم قالوا :  في قوله تعالى :  {  قل كفى بالله شهيدا بيني وبينكم ومن عنده علم الكتاب } هو علي بن أبي طالب ( عليه السلام ) .

و في تفسير البرهان ،  عن الثعلبي في تفسيره بإسناده عن معاوية عن الأعمش عن أبي صالح عن ابن عباس وروي عن عبد الله بن عطاء عن أبي جعفر :  أنه قيل له :  زعموا أن الذي عنده علم الكتاب عبد الله بن سلام قال :  لا ذلك علي بن أبي طالب .  و روي :  أنه سئل سعيد بن جبير {  ومن عنده علم الكتاب } عبد الله بن سلام ؟  قال :  لا وكيف ؟  وهذه السورة مكية .

أقول :  ورواه في الدر المنثور ،  عن سعيد بن منصور وابن جرير وابن المنذر وابن أبي حاتم والنحاس في ناسخه عن ابن جبير .

و في تفسير البرهان ،  أيضا عن الفقيه ابن المغازلي الشافعي بإسناده عن علي بن عابس قال :  دخلت أنا وأبو مريم على عبد الله بن عطاء قال يا أبا مريم حدث عليا بالحديث الذي حدثتني عن أبي جعفر .  قال :  كنت عند أبي جعفر جالسا إذ مر عليه ابن عبد الله بن سلام .  قلت :  جعلني الله فداك هذا ابن الذي عنده علم الكتاب .  قال :  لا ولكنه صاحبكم علي بن أبي طالب الذي نزلت فيه آيات من كتاب الله عز وجل :  {  ومن عنده علم الكتاب } {  أفمن كان على بينة من ربه - ويتلوه شاهد منه }

{  إنما وليكم الله ورسوله } الآية .

و في الدر المنثور ،  أخرج ابن جرير وابن مردويه من طريق عبد الملك بن عمير أن محمد بن يوسف بن عبد الله بن سلام قال :  قال عبد الله بن سلام :  قد أنزل الله في القرآن {  قل كفى بالله شهيدا بيني وبينكم ومن عنده علم الكتاب } .

أقول :  وروي ما في معناه عن ابن مردويه عن زيد بن أسلم عن أبيه وعن جندب ،  وقد عرفت حال الرواية فيما تقدم ،  وقد روي عن ابن المنذر عن الشعبي :  ما نزل في عبد الله بن سلام شيء من القرآن .

تم والحمد لله ."
